"lg" "pos1" "pos2" "gene.count"
1 1 74999 6
1 75000 149999 2
1 150000 224999 8
1 225000 299999 5
1 3e+05 374999 8
1 375000 449999 8
1 450000 524999 11
1 525000 599999 5
1 6e+05 674999 3
1 675000 749999 6
1 750000 824999 5
1 825000 899999 5
1 9e+05 974999 6
1 975000 1049999 3
1 1050000 1124999 2
1 1125000 1199999 5
1 1200000 1274999 4
1 1275000 1349999 6
1 1350000 1424999 5
1 1425000 1499999 1
1 1500000 1574999 3
1 1575000 1649999 2
1 1725000 1799999 4
1 1800000 1874999 4
1 1875000 1949999 9
1 1950000 2024999 8
1 2025000 2099999 4
1 2100000 2174999 7
1 2175000 2249999 9
1 2250000 2324999 7
1 2325000 2399999 1
1 2625000 2699999 2
1 2700000 2774999 5
1 2775000 2849999 3
1 2850000 2924999 2
1 2925000 2999999 3
1 3e+06 3074999 7
1 3075000 3149999 6
1 3150000 3224999 5
1 3225000 3299999 1
1 3300000 3374999 6
1 3375000 3449999 3
1 3450000 3524999 1
1 3525000 3599999 1
1 3675000 3749999 1
1 3825000 3899999 2
1 3900000 3974999 1
1 3975000 4049999 3
1 4050000 4124999 10
1 4125000 4199999 6
1 4200000 4274999 6
1 4275000 4349999 2
1 4425000 4499999 12
1 4500000 4574999 2
1 4575000 4649999 3
1 4650000 4724999 2
1 4725000 4799999 4
1 4800000 4874999 2
1 5025000 5099999 1
1 5100000 5174999 2
1 5175000 5249999 1
1 5325000 5399999 2
1 5400000 5474999 2
1 5475000 5549999 6
1 5550000 5624999 3
1 5625000 5699999 2
1 5700000 5774999 4
1 5775000 5849999 4
1 5850000 5924999 5
1 5925000 5999999 5
1 6e+06 6074999 2
1 6075000 6149999 1
1 6150000 6224999 4
1 6225000 6299999 11
1 6300000 6374999 3
1 6375000 6449999 2
1 6450000 6524999 2
1 6525000 6599999 1
1 6600000 6674999 1
1 6675000 6749999 3
1 6750000 6824999 4
1 6825000 6899999 3
1 6900000 6974999 3
1 6975000 7049999 7
1 7050000 7124999 5
1 7200000 7274999 1
1 7350000 7424999 1
1 7425000 7499999 4
1 7500000 7574999 9
1 7575000 7649999 7
1 7650000 7724999 4
1 7725000 7799999 4
1 7800000 7874999 3
1 7875000 7949999 3
1 7950000 8024999 9
1 8025000 8099999 4
1 8100000 8174999 1
1 8325000 8399999 5
1 8400000 8474999 2
1 8475000 8549999 2
1 8550000 8624999 5
1 8625000 8699999 4
1 8700000 8774999 1
1 8775000 8849999 1
1 8850000 8924999 2
1 8925000 8999999 5
1 9e+06 9074999 2
1 9075000 9149999 6
1 9150000 9224999 3
1 9225000 9299999 2
1 9300000 9374999 4
1 9375000 9449999 3
1 9450000 9524999 4
1 9525000 9599999 11
1 9600000 9674999 1
1 9675000 9749999 5
1 9750000 9824999 7
1 9825000 9899999 5
1 9900000 9974999 5
1 9975000 10049999 6
1 10050000 10124999 6
1 10125000 10199999 3
1 10275000 10349999 5
1 10350000 10424999 3
1 10425000 10499999 2
1 10500000 10574999 4
1 10575000 10649999 5
1 10650000 10724999 3
1 10725000 10799999 5
1 10800000 10874999 7
1 10875000 10949999 2
1 10950000 11024999 6
1 11025000 11099999 5
1 11100000 11174999 3
1 11175000 11249999 2
1 11325000 11399999 2
1 11400000 11474999 6
1 11550000 11624999 5
1 11625000 11699999 2
1 11700000 11774999 3
1 11850000 11924999 2
1 11925000 11999999 6
1 1.2e+07 12074999 3
1 12075000 12149999 6
1 12150000 12224999 3
1 12225000 12299999 3
1 12300000 12374999 9
1 12375000 12449999 9
1 12450000 12524999 5
1 12525000 12599999 2
1 12675000 12749999 1
1 12825000 12899999 1
1 13125000 13199999 11
1 13200000 13274999 5
1 13275000 13349999 1
1 13350000 13424999 6
1 13425000 13499999 1
1 13575000 13649999 2
1 13650000 13724999 3
1 13725000 13799999 3
1 13800000 13874999 2
1 13875000 13949999 6
1 13950000 14024999 4
1 14100000 14174999 1
1 14175000 14249999 4
1 14250000 14324999 3
1 14325000 14399999 3
1 14400000 14474999 7
1 14475000 14549999 1
1 14550000 14624999 1
1 14625000 14699999 1
1 14700000 14774999 3
1 14775000 14849999 5
1 14850000 14924999 1
1 1.5e+07 15074999 2
1 15075000 15149999 1
1 15150000 15224999 1
1 15300000 15374999 2
1 15375000 15449999 3
1 15450000 15524999 2
1 15600000 15674999 3
1 15675000 15749999 4
1 15750000 15824999 3
1 15825000 15899999 4
1 15900000 15974999 4
1 15975000 16049999 2
1 16050000 16124999 7
1 16125000 16199999 4
1 16200000 16274999 2
1 16275000 16349999 1
1 16350000 16424999 4
1 16425000 16499999 4
1 16500000 16574999 13
1 16575000 16649999 6
1 16650000 16724999 2
1 16725000 16799999 7
1 16800000 16874999 7
1 16875000 16949999 8
1 16950000 17024999 3
1 17025000 17099999 10
1 17100000 17174999 7
1 17175000 17249999 3
1 17250000 17324999 2
1 17325000 17399999 9
1 17400000 17474999 13
1 17475000 17549999 3
1 17700000 17774999 1
1 17925000 17999999 1
1 1.8e+07 18074999 5
1 18075000 18149999 2
1 18150000 18224999 4
1 18225000 18299999 1
1 18300000 18374999 3
1 18375000 18449999 4
1 18450000 18524999 3
1 18525000 18599999 1
1 18600000 18674999 2
1 18825000 18899999 1
1 18975000 19049999 1
1 19050000 19124999 1
1 19125000 19199999 1
1 19275000 19349999 1
1 19425000 19499999 1
1 19500000 19574999 3
1 19575000 19649999 4
1 19725000 19799999 2
1 19800000 19874999 1
1 19875000 19949999 2
1 19950000 20024999 6
1 20025000 20099999 11
1 20100000 20174999 3
1 20175000 20249999 6
1 20325000 20399999 1
1 20400000 20474999 1
1 20475000 20549999 1
1 20550000 20624999 5
1 20625000 20699999 6
1 20700000 20774999 5
1 20775000 20849999 6
1 20850000 20924999 4
1 20925000 20999999 3
1 2.1e+07 21074999 8
1 21075000 21149999 4
1 21150000 21224999 3
1 21225000 21299999 1
1 21375000 21449999 1
1 21450000 21524999 4
1 21525000 21599999 4
1 21600000 21674999 7
1 21675000 21749999 2
1 21750000 21824999 1
1 21825000 21899999 3
1 21900000 21974999 8
1 21975000 22049999 3
1 22050000 22124999 6
1 22125000 22199999 12
1 22200000 22274999 5
1 22275000 22349999 4
1 22350000 22424999 6
1 22425000 22499999 4
1 22500000 22574999 3
1 22575000 22649999 1
1 22650000 22724999 2
1 22725000 22799999 3
1 22800000 22874999 5
1 22875000 22949999 7
1 22950000 23024999 1
1 23025000 23099999 3
1 23100000 23174999 5
1 23175000 23249999 5
1 23250000 23324999 2
1 23325000 23399999 4
1 23400000 23474999 6
1 23475000 23549999 1
1 23550000 23624999 5
1 23625000 23699999 2
1 23700000 23774999 1
1 23850000 23924999 1
1 24150000 24224999 1
1 24225000 24299999 1
1 24375000 24449999 1
1 24450000 24524999 1
1 24525000 24599999 1
1 24600000 24674999 2
1 24675000 24749999 2
1 24825000 24899999 1
1 24900000 24974999 2
1 24975000 25049999 5
1 25125000 25199999 5
1 25200000 25274999 5
1 25275000 25349999 3
1 25350000 25424999 2
1 25425000 25499999 5
1 25500000 25574999 10
1 25575000 25649999 1
1 25725000 25799999 2
1 25800000 25874999 2
1 25875000 25949999 2
1 25950000 26024999 2
1 26100000 26174999 1
1 26400000 26474999 1
1 26475000 26549999 6
1 26550000 26624999 3
1 26625000 26699999 2
1 26700000 26774999 3
1 26775000 26849999 2
1 26850000 26924999 8
1 26925000 26999999 3
1 2.7e+07 27074999 5
1 27075000 27149999 2
1 27150000 27224999 4
1 27225000 27299999 4
1 27300000 27374999 10
1 27375000 27449999 8
1 27450000 27524999 7
1 27525000 27599999 7
1 27600000 27674999 7
1 27675000 27749999 11
1 27750000 27824999 7
1 27825000 27899999 6
1 27900000 27974999 8
1 27975000 28049999 2
1 28125000 28199999 1
2 1 74999 1
2 75000 149999 1
2 150000 224999 4
2 225000 299999 2
2 3e+05 374999 2
2 375000 449999 3
2 450000 524999 5
2 525000 599999 5
2 6e+05 674999 1
2 675000 749999 1
2 825000 899999 5
2 9e+05 974999 6
2 975000 1049999 1
2 1050000 1124999 1
2 1275000 1349999 1
2 1575000 1649999 1
2 1875000 1949999 2
2 1950000 2024999 1
2 2100000 2174999 1
2 2250000 2324999 2
2 2325000 2399999 1
2 2400000 2474999 4
2 2475000 2549999 3
2 2625000 2699999 1
2 3075000 3149999 1
2 3150000 3224999 1
2 3225000 3299999 5
2 3300000 3374999 2
2 3375000 3449999 2
2 3450000 3524999 7
2 3525000 3599999 7
2 3600000 3674999 4
2 3675000 3749999 2
2 3750000 3824999 1
2 3825000 3899999 5
2 3900000 3974999 1
2 4125000 4199999 3
2 4200000 4274999 5
2 4275000 4349999 3
2 4350000 4424999 3
2 4425000 4499999 2
2 4500000 4574999 2
2 4575000 4649999 4
2 4650000 4724999 1
2 4800000 4874999 1
2 4950000 5024999 4
2 5025000 5099999 4
2 5100000 5174999 4
2 5175000 5249999 2
2 5250000 5324999 4
2 5325000 5399999 3
2 5400000 5474999 3
2 5475000 5549999 1
2 5550000 5624999 3
2 5625000 5699999 9
2 5700000 5774999 6
2 5775000 5849999 5
2 5850000 5924999 11
2 5925000 5999999 5
2 6e+06 6074999 3
2 6075000 6149999 7
2 6150000 6224999 7
2 6225000 6299999 5
2 6300000 6374999 4
2 6375000 6449999 5
2 6450000 6524999 7
2 6525000 6599999 2
2 6600000 6674999 1
2 6750000 6824999 1
2 7050000 7124999 2
2 7125000 7199999 2
2 7350000 7424999 1
2 7575000 7649999 6
2 7650000 7724999 6
2 7725000 7799999 9
2 7800000 7874999 12
2 7875000 7949999 1
2 8025000 8099999 1
2 8100000 8174999 4
2 8175000 8249999 5
2 8250000 8324999 7
2 8325000 8399999 2
2 8400000 8474999 2
2 8475000 8549999 2
2 8550000 8624999 5
2 8625000 8699999 9
2 8700000 8774999 1
2 8775000 8849999 3
2 8850000 8924999 5
2 8925000 8999999 1
2 9e+06 9074999 6
2 9075000 9149999 1
2 9150000 9224999 2
2 9225000 9299999 1
2 9300000 9374999 5
2 9375000 9449999 4
2 9525000 9599999 1
2 9675000 9749999 3
2 9750000 9824999 5
2 9825000 9899999 1
2 9900000 9974999 1
2 9975000 10049999 4
2 10050000 10124999 5
2 10125000 10199999 2
2 10200000 10274999 5
2 10350000 10424999 3
2 10425000 10499999 4
2 10500000 10574999 8
2 10575000 10649999 4
2 10725000 10799999 1
2 10950000 11024999 1
2 11025000 11099999 1
2 11100000 11174999 6
2 11175000 11249999 3
2 11250000 11324999 6
2 11325000 11399999 3
2 11400000 11474999 1
2 11475000 11549999 6
2 11550000 11624999 8
2 11625000 11699999 11
2 11700000 11774999 7
2 11775000 11849999 3
2 11850000 11924999 5
2 11925000 11999999 8
2 1.2e+07 12074999 2
2 12075000 12149999 6
2 12225000 12299999 5
2 12450000 12524999 1
2 12525000 12599999 2
2 12600000 12674999 1
2 12675000 12749999 2
2 12750000 12824999 6
2 12825000 12899999 3
2 12900000 12974999 2
2 12975000 13049999 3
2 13350000 13424999 10
2 13425000 13499999 5
2 13500000 13574999 4
2 13575000 13649999 12
2 13650000 13724999 5
2 13725000 13799999 5
2 13800000 13874999 6
2 13875000 13949999 1
2 13950000 14024999 5
2 14025000 14099999 4
2 14175000 14249999 1
2 14250000 14324999 1
2 14400000 14474999 1
2 14475000 14549999 3
2 14550000 14624999 8
2 14625000 14699999 2
2 14700000 14774999 1
2 14925000 14999999 6
2 1.5e+07 15074999 2
2 15075000 15149999 4
2 15150000 15224999 1
2 15225000 15299999 5
2 15300000 15374999 4
2 15375000 15449999 5
2 15450000 15524999 2
2 15525000 15599999 6
2 15600000 15674999 3
2 15675000 15749999 1
2 15750000 15824999 1
2 15900000 15974999 3
2 15975000 16049999 1
2 16125000 16199999 3
2 16275000 16349999 5
2 16350000 16424999 2
2 16425000 16499999 2
2 16500000 16574999 3
2 16650000 16724999 1
2 16725000 16799999 4
2 16800000 16874999 2
2 16875000 16949999 1
2 16950000 17024999 1
2 17175000 17249999 1
2 17250000 17324999 1
2 17325000 17399999 1
2 17400000 17474999 3
2 17550000 17624999 1
2 17700000 17774999 1
2 17775000 17849999 1
2 17850000 17924999 2
2 17925000 17999999 3
2 1.8e+07 18074999 6
2 18300000 18374999 6
2 18375000 18449999 3
2 18450000 18524999 10
2 18525000 18599999 7
2 18600000 18674999 1
2 18675000 18749999 4
2 18750000 18824999 1
2 18825000 18899999 1
2 18900000 18974999 2
2 18975000 19049999 3
2 19050000 19124999 3
2 19125000 19199999 4
2 19275000 19349999 4
2 19350000 19424999 2
2 19500000 19574999 2
2 19575000 19649999 6
2 19650000 19724999 3
2 19725000 19799999 3
2 19875000 19949999 1
2 19950000 20024999 2
2 20025000 20099999 1
2 20100000 20174999 1
2 20250000 20324999 4
2 20400000 20474999 3
2 20475000 20549999 1
2 20550000 20624999 1
2 20625000 20699999 3
2 20700000 20774999 2
2 20775000 20849999 5
2 20850000 20924999 1
2 20925000 20999999 1
2 2.1e+07 21074999 1
2 21075000 21149999 4
2 21150000 21224999 2
2 21225000 21299999 5
2 21300000 21374999 2
2 21375000 21449999 6
2 21450000 21524999 5
2 21525000 21599999 6
2 21600000 21674999 4
2 21675000 21749999 2
2 21750000 21824999 4
2 21825000 21899999 6
2 21900000 21974999 3
2 21975000 22049999 8
2 22050000 22124999 6
2 22125000 22199999 3
2 22200000 22274999 8
2 22275000 22349999 8
2 22350000 22424999 8
2 22425000 22499999 6
2 22500000 22574999 3
2 22575000 22649999 4
2 22650000 22724999 5
2 22725000 22799999 2
2 22800000 22874999 4
2 22875000 22949999 1
2 22950000 23024999 4
2 23025000 23099999 3
2 23100000 23174999 2
2 23175000 23249999 3
2 23250000 23324999 3
3 1 74999 11
3 75000 149999 5
3 150000 224999 4
3 225000 299999 9
3 3e+05 374999 7
3 375000 449999 4
3 450000 524999 5
3 525000 599999 4
3 6e+05 674999 4
3 675000 749999 4
3 750000 824999 1
3 9e+05 974999 4
3 975000 1049999 1
3 1050000 1124999 4
3 1125000 1199999 4
3 1200000 1274999 1
3 1275000 1349999 2
3 1350000 1424999 2
3 1425000 1499999 2
3 1500000 1574999 7
3 1575000 1649999 9
3 1650000 1724999 7
3 1725000 1799999 2
3 1800000 1874999 1
3 1875000 1949999 1
3 1950000 2024999 4
3 2025000 2099999 3
3 2100000 2174999 11
3 2175000 2249999 5
3 2250000 2324999 3
3 2325000 2399999 1
3 2400000 2474999 1
3 2475000 2549999 1
3 2625000 2699999 1
3 2700000 2774999 6
3 2775000 2849999 5
3 2850000 2924999 10
3 2925000 2999999 7
3 3e+06 3074999 1
3 3150000 3224999 2
3 3225000 3299999 3
3 3300000 3374999 1
3 3525000 3599999 1
3 3750000 3824999 1
3 3825000 3899999 2
3 3900000 3974999 5
3 3975000 4049999 3
3 4050000 4124999 1
3 4125000 4199999 1
3 4200000 4274999 4
3 4275000 4349999 1
3 4350000 4424999 5
3 4425000 4499999 2
3 4500000 4574999 1
3 4575000 4649999 2
3 4800000 4874999 2
3 4875000 4949999 2
3 4950000 5024999 6
3 5025000 5099999 5
3 5100000 5174999 7
3 5175000 5249999 3
3 5250000 5324999 3
3 5325000 5399999 6
3 5400000 5474999 5
3 5475000 5549999 2
3 5550000 5624999 3
3 5625000 5699999 3
3 5700000 5774999 1
3 5775000 5849999 1
3 5850000 5924999 7
3 5925000 5999999 5
3 6e+06 6074999 6
3 6075000 6149999 1
3 6150000 6224999 2
3 6225000 6299999 5
3 6300000 6374999 4
3 6375000 6449999 1
3 6450000 6524999 26
3 6525000 6599999 2
3 6600000 6674999 4
3 6675000 6749999 1
3 6750000 6824999 7
3 6825000 6899999 6
3 6900000 6974999 8
3 6975000 7049999 7
3 7050000 7124999 5
3 7125000 7199999 3
3 7200000 7274999 8
3 7275000 7349999 6
3 7350000 7424999 4
3 7425000 7499999 6
3 7500000 7574999 8
3 7575000 7649999 4
3 7650000 7724999 4
3 7725000 7799999 2
3 7875000 7949999 2
3 7950000 8024999 7
3 8025000 8099999 6
3 8100000 8174999 1
3 8175000 8249999 3
3 8250000 8324999 10
3 8325000 8399999 3
3 8400000 8474999 8
3 8475000 8549999 3
3 8550000 8624999 6
3 8625000 8699999 3
3 8700000 8774999 6
3 8775000 8849999 5
3 8850000 8924999 14
3 8925000 8999999 8
3 9e+06 9074999 8
3 9075000 9149999 10
3 9150000 9224999 10
3 9225000 9299999 7
3 9300000 9374999 6
3 9375000 9449999 12
3 9450000 9524999 2
3 9525000 9599999 9
3 9600000 9674999 8
3 9675000 9749999 5
3 9750000 9824999 5
3 9825000 9899999 6
3 9900000 9974999 10
3 9975000 10049999 1
3 10050000 10124999 7
3 10125000 10199999 2
3 10200000 10274999 4
3 10275000 10349999 6
3 10350000 10424999 5
3 10425000 10499999 6
3 10575000 10649999 6
3 10650000 10724999 7
3 10725000 10799999 3
3 10800000 10874999 4
3 10875000 10949999 9
3 10950000 11024999 4
3 11025000 11099999 5
3 11100000 11174999 3
3 11175000 11249999 5
3 11250000 11324999 4
3 11400000 11474999 3
3 11475000 11549999 3
3 11550000 11624999 2
3 11625000 11699999 2
3 11700000 11774999 1
3 11775000 11849999 8
3 1.2e+07 12074999 1
3 12075000 12149999 2
3 12150000 12224999 7
3 12225000 12299999 6
3 12300000 12374999 6
3 12375000 12449999 5
3 12450000 12524999 4
3 12525000 12599999 7
3 12600000 12674999 6
3 12675000 12749999 5
3 12750000 12824999 5
3 12825000 12899999 1
3 12900000 12974999 7
3 12975000 13049999 5
3 13050000 13124999 3
3 13125000 13199999 8
3 13200000 13274999 4
3 13275000 13349999 2
3 13350000 13424999 12
3 13425000 13499999 5
3 13500000 13574999 3
3 13575000 13649999 5
3 13650000 13724999 4
3 13725000 13799999 4
3 13800000 13874999 3
3 13875000 13949999 9
3 13950000 14024999 2
3 14025000 14099999 4
3 14100000 14174999 6
3 14175000 14249999 2
3 14250000 14324999 4
3 14325000 14399999 1
3 14400000 14474999 4
3 14475000 14549999 1
3 14625000 14699999 1
3 14700000 14774999 3
3 14775000 14849999 1
3 14850000 14924999 4
3 14925000 14999999 2
3 1.5e+07 15074999 2
3 15075000 15149999 3
3 15150000 15224999 6
3 15225000 15299999 4
3 15300000 15374999 2
3 15525000 15599999 1
3 15600000 15674999 1
3 15675000 15749999 1
3 15750000 15824999 6
3 15825000 15899999 5
3 15900000 15974999 7
3 15975000 16049999 8
3 16050000 16124999 10
3 16200000 16274999 7
3 16275000 16349999 3
3 16350000 16424999 5
3 16425000 16499999 4
3 16500000 16574999 2
3 16575000 16649999 4
3 16650000 16724999 6
3 16725000 16799999 10
4 1 74999 7
4 75000 149999 5
4 150000 224999 9
4 225000 299999 3
4 3e+05 374999 3
4 450000 524999 1
4 750000 824999 3
4 825000 899999 1
4 9e+05 974999 3
4 975000 1049999 7
4 1050000 1124999 1
4 1125000 1199999 4
4 1275000 1349999 4
4 1350000 1424999 5
4 1425000 1499999 1
4 1500000 1574999 1
4 1725000 1799999 3
4 1875000 1949999 1
4 1950000 2024999 5
4 2025000 2099999 3
4 2175000 2249999 3
4 2250000 2324999 2
4 2325000 2399999 3
4 2400000 2474999 3
4 2550000 2624999 1
4 2625000 2699999 1
4 2700000 2774999 1
4 2775000 2849999 2
4 2850000 2924999 8
4 2925000 2999999 4
4 3e+06 3074999 1
4 3150000 3224999 4
4 3225000 3299999 2
4 3300000 3374999 5
4 3450000 3524999 1
4 3525000 3599999 1
4 3750000 3824999 5
4 3825000 3899999 6
4 3900000 3974999 1
4 3975000 4049999 2
4 4050000 4124999 1
4 4125000 4199999 2
4 4200000 4274999 2
4 4275000 4349999 1
4 4350000 4424999 2
4 4425000 4499999 4
4 4500000 4574999 1
4 4650000 4724999 2
4 4800000 4874999 1
4 4875000 4949999 4
4 4950000 5024999 3
4 5025000 5099999 6
4 5100000 5174999 2
4 5175000 5249999 4
4 5250000 5324999 8
4 5325000 5399999 11
4 5400000 5474999 7
4 5475000 5549999 7
4 5550000 5624999 7
4 5625000 5699999 3
4 5700000 5774999 7
4 5775000 5849999 2
4 5850000 5924999 4
4 6e+06 6074999 2
4 6075000 6149999 4
4 6150000 6224999 6
4 6225000 6299999 3
4 6300000 6374999 3
4 6375000 6449999 8
4 6450000 6524999 4
4 6525000 6599999 1
4 6600000 6674999 11
4 6675000 6749999 7
4 6825000 6899999 1
4 7425000 7499999 8
4 7500000 7574999 2
4 7725000 7799999 1
4 7800000 7874999 3
4 7875000 7949999 4
4 7950000 8024999 2
4 8025000 8099999 6
4 8100000 8174999 2
4 8175000 8249999 10
4 8250000 8324999 7
4 8325000 8399999 6
4 8400000 8474999 1
4 8475000 8549999 1
4 8775000 8849999 1
4 9e+06 9074999 5
4 9075000 9149999 3
4 9150000 9224999 10
4 9225000 9299999 5
4 9300000 9374999 9
4 9375000 9449999 7
4 9450000 9524999 7
4 9525000 9599999 5
4 9675000 9749999 2
4 9750000 9824999 1
4 9825000 9899999 4
4 9900000 9974999 3
4 9975000 10049999 1
4 10050000 10124999 1
4 10125000 10199999 1
4 10200000 10274999 5
4 10275000 10349999 3
4 10425000 10499999 1
4 10500000 10574999 5
4 10575000 10649999 10
4 10650000 10724999 10
4 10725000 10799999 1
4 10800000 10874999 1
4 10875000 10949999 5
4 10950000 11024999 6
4 11025000 11099999 6
4 11175000 11249999 1
4 11250000 11324999 6
4 11325000 11399999 4
4 11400000 11474999 3
4 11475000 11549999 7
4 11550000 11624999 1
4 11625000 11699999 3
4 11700000 11774999 10
4 11775000 11849999 8
4 11850000 11924999 5
4 11925000 11999999 3
4 1.2e+07 12074999 3
4 12075000 12149999 5
4 12150000 12224999 6
4 12225000 12299999 1
4 12300000 12374999 4
4 12375000 12449999 6
4 12450000 12524999 6
4 12600000 12674999 1
4 12675000 12749999 1
4 12750000 12824999 3
4 12825000 12899999 5
4 12900000 12974999 7
4 13125000 13199999 1
4 13200000 13274999 4
4 13275000 13349999 5
4 13350000 13424999 7
4 13425000 13499999 5
4 13500000 13574999 2
4 13800000 13874999 4
4 13875000 13949999 6
4 13950000 14024999 6
4 14025000 14099999 6
4 14100000 14174999 1
4 14175000 14249999 4
4 14250000 14324999 4
4 14325000 14399999 3
4 14400000 14474999 1
4 14475000 14549999 4
4 14550000 14624999 2
4 14850000 14924999 1
4 1.5e+07 15074999 7
4 15075000 15149999 1
4 15150000 15224999 4
4 15225000 15299999 1
4 15300000 15374999 1
4 15450000 15524999 2
4 15525000 15599999 4
4 15600000 15674999 5
4 15675000 15749999 6
4 15750000 15824999 5
4 15825000 15899999 7
4 15900000 15974999 11
4 15975000 16049999 3
4 16050000 16124999 4
4 16125000 16199999 4
4 16200000 16274999 3
4 16275000 16349999 6
4 16350000 16424999 3
4 16425000 16499999 7
4 16500000 16574999 7
4 16575000 16649999 1
4 16650000 16724999 2
4 16725000 16799999 5
4 16950000 17024999 1
4 17400000 17474999 2
4 17625000 17699999 4
4 17700000 17774999 7
4 17775000 17849999 4
4 17850000 17924999 3
4 17925000 17999999 9
4 1.8e+07 18074999 4
4 18150000 18224999 2
4 18300000 18374999 1
4 18375000 18449999 3
4 18450000 18524999 3
4 18525000 18599999 4
4 18600000 18674999 6
4 18675000 18749999 3
4 18750000 18824999 5
4 18825000 18899999 3
4 18975000 19049999 1
4 19125000 19199999 1
4 19200000 19274999 2
4 19275000 19349999 1
4 19500000 19574999 2
4 19575000 19649999 1
4 19650000 19724999 4
4 19725000 19799999 5
4 19800000 19874999 4
4 19875000 19949999 3
4 19950000 20024999 4
4 20025000 20099999 5
4 20175000 20249999 5
4 20325000 20399999 1
4 20550000 20624999 1
4 20625000 20699999 2
4 20700000 20774999 2
4 20775000 20849999 4
4 20850000 20924999 1
4 20925000 20999999 2
4 2.1e+07 21074999 2
4 21075000 21149999 2
4 21150000 21224999 3
4 21225000 21299999 3
4 21300000 21374999 1
4 21450000 21524999 4
4 21525000 21599999 9
4 21600000 21674999 5
4 21675000 21749999 1
4 21750000 21824999 3
4 21825000 21899999 5
4 21900000 21974999 2
4 21975000 22049999 6
4 22050000 22124999 6
4 22125000 22199999 3
4 22200000 22274999 2
4 22275000 22349999 1
4 22350000 22424999 3
4 22425000 22499999 3
4 22500000 22574999 3
4 22575000 22649999 3
4 22650000 22724999 1
4 22725000 22799999 2
4 22800000 22874999 1
4 22875000 22949999 4
4 22950000 23024999 2
4 23025000 23099999 2
4 23100000 23174999 3
4 23175000 23249999 3
4 23325000 23399999 2
4 23400000 23474999 1
4 23550000 23624999 1
4 23625000 23699999 1
4 23700000 23774999 1
4 23775000 23849999 10
4 23850000 23924999 2
4 23925000 23999999 3
4 2.4e+07 24074999 1
4 24075000 24149999 1
4 24150000 24224999 4
4 24225000 24299999 1
4 24300000 24374999 4
4 24375000 24449999 3
4 24450000 24524999 2
4 24525000 24599999 3
4 24600000 24674999 5
4 24675000 24749999 6
4 24750000 24824999 1
4 24825000 24899999 5
4 24900000 24974999 2
4 24975000 25049999 1
4 25050000 25124999 4
4 25275000 25349999 1
4 25350000 25424999 2
4 25425000 25499999 5
4 25500000 25574999 5
4 25575000 25649999 1
4 25650000 25724999 3
4 25725000 25799999 3
4 25800000 25874999 4
4 25875000 25949999 5
4 25950000 26024999 4
4 26025000 26099999 1
4 26100000 26174999 2
4 26175000 26249999 7
4 26250000 26324999 4
4 26325000 26399999 7
4 26400000 26474999 1
4 26550000 26624999 1
4 26625000 26699999 1
4 26775000 26849999 1
4 27075000 27149999 1
4 27225000 27299999 1
4 27300000 27374999 1
4 27525000 27599999 5
4 27600000 27674999 1
4 27675000 27749999 1
4 27750000 27824999 2
4 27825000 27899999 2
4 28125000 28199999 84
4 28275000 28349999 5
4 28350000 28424999 2
4 28425000 28499999 4
4 28500000 28574999 2
4 28575000 28649999 1
4 28650000 28724999 1
4 28725000 28799999 6
4 28800000 28874999 1
4 28875000 28949999 1
4 28950000 29024999 5
4 29025000 29099999 7
4 29100000 29174999 1
4 29325000 29399999 2
4 29475000 29549999 2
4 29550000 29624999 4
4 29625000 29699999 2
4 29700000 29774999 2
4 29775000 29849999 4
4 29850000 29924999 5
4 29925000 29999999 2
4 3e+07 30074999 1
4 30075000 30149999 4
4 30150000 30224999 1
4 30375000 30449999 6
4 30450000 30524999 1
4 30525000 30599999 6
4 30600000 30674999 8
4 30675000 30749999 4
4 30750000 30824999 1
4 30825000 30899999 4
4 30900000 30974999 11
4 30975000 31049999 8
4 31050000 31124999 9
4 31125000 31199999 2
4 31200000 31274999 1
4 31275000 31349999 3
4 31350000 31424999 1
4 31425000 31499999 2
4 31500000 31574999 5
4 31575000 31649999 8
4 31650000 31724999 1
4 31725000 31799999 4
4 31800000 31874999 1
4 31875000 31949999 2
4 31950000 32024999 6
4 32025000 32099999 2
4 32100000 32174999 4
4 32175000 32249999 9
4 32250000 32324999 6
4 32325000 32399999 10
4 32400000 32474999 3
4 32475000 32549999 6
4 32550000 32624999 5
5 1 74999 1
5 75000 149999 6
5 150000 224999 3
5 225000 299999 3
5 3e+05 374999 5
5 375000 449999 1
5 450000 524999 2
5 525000 599999 3
5 6e+05 674999 1
5 675000 749999 4
5 750000 824999 5
5 825000 899999 9
5 9e+05 974999 1
5 975000 1049999 7
5 1050000 1124999 8
5 1125000 1199999 3
5 1200000 1274999 3
5 1275000 1349999 3
5 1350000 1424999 5
5 1425000 1499999 2
5 1500000 1574999 1
5 1575000 1649999 3
5 1650000 1724999 4
5 1725000 1799999 3
5 1800000 1874999 8
5 1875000 1949999 5
5 1950000 2024999 6
5 2025000 2099999 6
5 2100000 2174999 5
5 2175000 2249999 7
5 2250000 2324999 7
5 2325000 2399999 3
5 2400000 2474999 3
5 2475000 2549999 9
5 2550000 2624999 7
5 2625000 2699999 3
5 2700000 2774999 1
5 2775000 2849999 2
5 3e+06 3074999 1
5 3075000 3149999 2
5 3150000 3224999 1
5 3225000 3299999 2
5 3300000 3374999 1
5 3375000 3449999 4
5 3450000 3524999 7
5 3600000 3674999 5
5 3675000 3749999 6
5 3750000 3824999 9
5 3825000 3899999 4
5 3900000 3974999 5
5 3975000 4049999 3
5 4050000 4124999 1
5 4125000 4199999 4
5 4275000 4349999 3
5 4350000 4424999 4
5 4425000 4499999 2
5 4500000 4574999 10
5 4575000 4649999 7
5 4650000 4724999 5
5 4725000 4799999 8
5 4800000 4874999 6
5 4875000 4949999 3
5 4950000 5024999 3
5 5025000 5099999 6
5 5100000 5174999 2
5 5175000 5249999 2
5 5325000 5399999 1
5 5400000 5474999 3
5 5475000 5549999 2
5 5550000 5624999 9
5 5625000 5699999 7
5 5700000 5774999 9
5 5775000 5849999 9
5 5925000 5999999 6
5 6e+06 6074999 3
5 6075000 6149999 2
5 6150000 6224999 7
5 6225000 6299999 12
5 6300000 6374999 6
5 6375000 6449999 3
5 6450000 6524999 1
5 6600000 6674999 1
5 6675000 6749999 4
5 6750000 6824999 2
5 6825000 6899999 4
5 6900000 6974999 1
5 6975000 7049999 5
5 7050000 7124999 3
5 7200000 7274999 1
5 7500000 7574999 3
5 7575000 7649999 4
5 7650000 7724999 2
5 7725000 7799999 7
5 7800000 7874999 1
5 7950000 8024999 8
5 8025000 8099999 6
5 8100000 8174999 4
5 8175000 8249999 8
5 8250000 8324999 6
5 8325000 8399999 5
5 8400000 8474999 7
5 8475000 8549999 4
5 8550000 8624999 1
5 8775000 8849999 6
5 8850000 8924999 3
5 8925000 8999999 1
5 9e+06 9074999 1
5 9075000 9149999 5
5 9150000 9224999 9
5 9225000 9299999 8
5 9300000 9374999 6
5 9375000 9449999 7
5 9450000 9524999 7
5 9525000 9599999 7
5 9600000 9674999 11
5 9675000 9749999 4
5 9750000 9824999 11
5 9825000 9899999 6
5 9900000 9974999 10
5 9975000 10049999 6
5 10050000 10124999 10
5 10200000 10274999 3
5 10275000 10349999 5
5 10350000 10424999 7
5 10425000 10499999 7
5 10500000 10574999 4
5 10575000 10649999 7
5 10650000 10724999 9
5 10725000 10799999 7
5 10800000 10874999 13
5 10875000 10949999 9
5 10950000 11024999 7
5 11025000 11099999 7
5 11100000 11174999 7
5 11175000 11249999 1
5 11250000 11324999 10
5 11325000 11399999 13
5 11400000 11474999 1
5 11475000 11549999 7
5 11550000 11624999 3
5 11625000 11699999 6
5 11700000 11774999 9
5 11775000 11849999 2
5 11850000 11924999 2
5 11925000 11999999 1
5 1.2e+07 12074999 5
5 12075000 12149999 9
5 12150000 12224999 8
5 12225000 12299999 5
6 1 74999 3
6 75000 149999 4
6 150000 224999 2
6 225000 299999 1
6 3e+05 374999 2
6 375000 449999 3
6 450000 524999 4
6 525000 599999 3
6 6e+05 674999 5
6 675000 749999 3
6 750000 824999 3
6 825000 899999 7
6 9e+05 974999 5
6 975000 1049999 5
6 1050000 1124999 3
6 1125000 1199999 1
6 1275000 1349999 3
6 1350000 1424999 3
6 1425000 1499999 4
6 1500000 1574999 3
6 1575000 1649999 1
6 1650000 1724999 2
6 1725000 1799999 2
6 1800000 1874999 1
6 1950000 2024999 4
6 2025000 2099999 4
6 2100000 2174999 1
6 2175000 2249999 4
6 2250000 2324999 3
6 2325000 2399999 3
6 2400000 2474999 8
6 2475000 2549999 4
6 2550000 2624999 5
6 2625000 2699999 1
6 2700000 2774999 2
6 2775000 2849999 3
6 2850000 2924999 6
6 2925000 2999999 9
6 3e+06 3074999 4
6 3075000 3149999 1
6 3150000 3224999 1
6 3225000 3299999 1
6 3300000 3374999 1
6 3375000 3449999 3
6 3450000 3524999 2
6 3525000 3599999 3
6 3600000 3674999 3
6 3675000 3749999 3
6 3750000 3824999 2
6 3825000 3899999 2
6 3900000 3974999 5
6 3975000 4049999 4
6 4050000 4124999 5
6 4125000 4199999 1
6 4200000 4274999 4
6 4275000 4349999 2
6 4350000 4424999 4
6 4425000 4499999 2
6 4500000 4574999 1
6 4575000 4649999 3
6 4650000 4724999 2
6 4725000 4799999 1
6 4800000 4874999 5
6 4875000 4949999 4
6 4950000 5024999 4
6 5025000 5099999 4
6 5100000 5174999 6
6 5175000 5249999 1
6 5250000 5324999 1
6 5325000 5399999 2
6 5400000 5474999 2
6 5475000 5549999 1
6 5775000 5849999 8
6 5850000 5924999 8
6 5925000 5999999 3
6 6e+06 6074999 1
6 6075000 6149999 5
6 6150000 6224999 4
6 6225000 6299999 5
6 6300000 6374999 3
6 6375000 6449999 3
6 6450000 6524999 4
6 6525000 6599999 1
6 6825000 6899999 3
6 6900000 6974999 2
6 6975000 7049999 5
6 7050000 7124999 6
6 7125000 7199999 1
6 7200000 7274999 1
6 7350000 7424999 1
6 7425000 7499999 2
6 7500000 7574999 4
6 7575000 7649999 5
6 7650000 7724999 1
6 7725000 7799999 4
6 7800000 7874999 6
6 7875000 7949999 12
6 7950000 8024999 8
6 8025000 8099999 8
6 8100000 8174999 4
6 8175000 8249999 6
6 8250000 8324999 3
6 8325000 8399999 9
6 8400000 8474999 6
6 8550000 8624999 5
6 8625000 8699999 1
6 8700000 8774999 5
6 8775000 8849999 6
6 8850000 8924999 4
6 8925000 8999999 2
6 9e+06 9074999 4
6 9075000 9149999 3
6 9150000 9224999 8
6 9225000 9299999 9
6 9300000 9374999 4
6 9375000 9449999 6
6 9450000 9524999 3
6 9525000 9599999 8
6 9600000 9674999 1
6 9675000 9749999 1
6 9750000 9824999 8
6 9825000 9899999 5
6 9900000 9974999 2
6 9975000 10049999 3
6 10050000 10124999 1
6 10275000 10349999 1
6 10350000 10424999 3
6 10500000 10574999 6
6 10575000 10649999 1
6 10650000 10724999 1
6 10725000 10799999 3
6 10800000 10874999 1
6 10875000 10949999 8
6 10950000 11024999 2
6 11025000 11099999 2
6 11100000 11174999 1
6 11175000 11249999 6
6 11250000 11324999 1
6 11325000 11399999 1
6 11400000 11474999 2
6 11475000 11549999 3
6 11550000 11624999 1
6 11625000 11699999 5
6 11700000 11774999 3
6 11775000 11849999 1
6 11850000 11924999 7
6 11925000 11999999 6
6 1.2e+07 12074999 1
6 12075000 12149999 3
6 12150000 12224999 3
6 12225000 12299999 3
6 12300000 12374999 2
6 12375000 12449999 3
6 12450000 12524999 7
6 12525000 12599999 2
6 12675000 12749999 1
6 12750000 12824999 3
6 12825000 12899999 3
6 12900000 12974999 5
6 12975000 13049999 5
6 13050000 13124999 4
6 13125000 13199999 2
6 13200000 13274999 4
6 13275000 13349999 2
6 13350000 13424999 7
6 13425000 13499999 3
6 13500000 13574999 2
6 13575000 13649999 1
6 13650000 13724999 1
6 13725000 13799999 6
6 13800000 13874999 1
6 13875000 13949999 5
6 13950000 14024999 4
6 14025000 14099999 4
6 14100000 14174999 3
6 14175000 14249999 4
6 14250000 14324999 3
6 14325000 14399999 5
6 14400000 14474999 2
6 14475000 14549999 4
6 14550000 14624999 3
6 14925000 14999999 1
6 1.5e+07 15074999 2
6 15150000 15224999 2
6 15225000 15299999 6
6 15300000 15374999 2
6 15375000 15449999 5
6 15450000 15524999 5
6 15525000 15599999 1
6 15600000 15674999 7
6 15675000 15749999 5
6 16050000 16124999 1
6 16125000 16199999 5
6 16200000 16274999 4
6 16275000 16349999 3
6 16350000 16424999 4
6 16425000 16499999 5
6 16500000 16574999 4
6 16575000 16649999 4
6 16650000 16724999 7
6 16725000 16799999 8
6 16800000 16874999 7
6 16875000 16949999 2
6 17025000 17099999 4
7 1 74999 1
7 75000 149999 7
7 150000 224999 8
7 225000 299999 6
7 3e+05 374999 6
7 375000 449999 11
7 450000 524999 6
7 525000 599999 6
7 6e+05 674999 2
7 675000 749999 7
7 750000 824999 2
7 825000 899999 4
7 9e+05 974999 2
7 975000 1049999 2
7 1050000 1124999 7
7 1125000 1199999 4
7 1200000 1274999 1
7 1275000 1349999 3
7 1350000 1424999 5
7 1425000 1499999 12
7 1500000 1574999 7
7 1575000 1649999 4
7 1650000 1724999 6
7 1725000 1799999 7
7 1800000 1874999 11
7 1875000 1949999 6
7 1950000 2024999 1
7 2025000 2099999 2
7 2175000 2249999 2
7 2250000 2324999 7
7 2325000 2399999 4
7 2400000 2474999 11
7 2475000 2549999 11
7 2550000 2624999 3
7 2625000 2699999 3
7 2700000 2774999 6
7 2775000 2849999 5
7 2850000 2924999 8
7 2925000 2999999 7
7 3e+06 3074999 6
7 3075000 3149999 9
7 3150000 3224999 5
7 3225000 3299999 1
7 3450000 3524999 1
7 3750000 3824999 1
7 3825000 3899999 1
7 3900000 3974999 3
7 3975000 4049999 5
7 4050000 4124999 6
7 4125000 4199999 5
7 4200000 4274999 8
7 4275000 4349999 9
7 4350000 4424999 8
7 4425000 4499999 4
7 4500000 4574999 6
7 4575000 4649999 3
7 4650000 4724999 1
7 4800000 4874999 8
7 4875000 4949999 4
7 4950000 5024999 1
7 5025000 5099999 1
7 5100000 5174999 1
7 5175000 5249999 1
7 5325000 5399999 1
7 5475000 5549999 1
7 5550000 5624999 2
7 5850000 5924999 1
7 6e+06 6074999 2
7 6075000 6149999 4
7 6150000 6224999 1
7 6225000 6299999 1
7 6300000 6374999 1
7 6525000 6599999 5
7 6600000 6674999 5
7 6750000 6824999 2
7 6825000 6899999 2
7 6900000 6974999 2
7 6975000 7049999 6
7 7050000 7124999 1
7 7125000 7199999 4
7 7200000 7274999 2
7 7275000 7349999 1
7 7425000 7499999 4
7 7500000 7574999 5
7 7575000 7649999 1
7 7650000 7724999 10
7 7725000 7799999 15
7 7800000 7874999 6
7 7875000 7949999 1
7 7950000 8024999 5
7 8025000 8099999 4
7 8100000 8174999 7
7 8475000 8549999 1
7 8550000 8624999 7
7 8625000 8699999 2
7 8775000 8849999 2
7 8850000 8924999 1
7 8925000 8999999 7
7 9e+06 9074999 9
7 9075000 9149999 2
7 9150000 9224999 4
7 9225000 9299999 6
7 9300000 9374999 5
7 9375000 9449999 6
7 9600000 9674999 1
7 9675000 9749999 1
7 9750000 9824999 1
7 10125000 10199999 5
7 10200000 10274999 3
7 10275000 10349999 7
7 10350000 10424999 4
7 10425000 10499999 3
7 10500000 10574999 1
7 10575000 10649999 1
7 10650000 10724999 2
7 10725000 10799999 1
7 10800000 10874999 3
7 10950000 11024999 1
7 11025000 11099999 2
7 11100000 11174999 8
7 11400000 11474999 1
7 11550000 11624999 1
7 11700000 11774999 1
7 11775000 11849999 2
7 11850000 11924999 1
7 11925000 11999999 1
7 12075000 12149999 2
7 12150000 12224999 6
7 12300000 12374999 2
7 12375000 12449999 4
7 12450000 12524999 2
7 12525000 12599999 6
7 12600000 12674999 6
7 12675000 12749999 4
7 12750000 12824999 7
7 12825000 12899999 1
7 12900000 12974999 2
7 12975000 13049999 2
7 13050000 13124999 3
7 13200000 13274999 4
7 13275000 13349999 4
7 13350000 13424999 1
7 13425000 13499999 4
7 13500000 13574999 7
7 13575000 13649999 2
7 13950000 14024999 3
7 14100000 14174999 3
7 14175000 14249999 5
7 14250000 14324999 2
7 14325000 14399999 3
7 14400000 14474999 2
7 14475000 14549999 4
7 14550000 14624999 4
7 14625000 14699999 3
7 14700000 14774999 1
7 14775000 14849999 3
7 14850000 14924999 10
7 14925000 14999999 10
7 1.5e+07 15074999 4
7 15075000 15149999 3
7 15225000 15299999 6
7 15300000 15374999 2
7 15375000 15449999 6
7 15450000 15524999 4
7 15525000 15599999 9
7 15600000 15674999 2
7 15750000 15824999 4
7 15825000 15899999 5
7 16050000 16124999 2
7 16125000 16199999 2
7 16200000 16274999 1
7 16275000 16349999 2
7 16350000 16424999 2
7 16425000 16499999 2
7 16650000 16724999 1
7 16800000 16874999 4
7 16875000 16949999 4
7 16950000 17024999 4
7 17025000 17099999 6
7 17100000 17174999 4
7 17175000 17249999 5
7 17250000 17324999 10
7 17325000 17399999 8
7 17400000 17474999 5
7 17475000 17549999 4
7 17550000 17624999 2
7 17625000 17699999 8
7 17700000 17774999 7
7 17775000 17849999 6
7 17850000 17924999 6
7 17925000 17999999 7
7 1.8e+07 18074999 5
7 18075000 18149999 5
7 18150000 18224999 7
7 18225000 18299999 2
7 18300000 18374999 5
7 18375000 18449999 8
7 18450000 18524999 1
7 18525000 18599999 8
7 18600000 18674999 7
7 18675000 18749999 6
7 18750000 18824999 6
7 18900000 18974999 4
7 18975000 19049999 8
7 19050000 19124999 10
7 19125000 19199999 10
7 19200000 19274999 11
7 19275000 19349999 13
7 19350000 19424999 12
7 19425000 19499999 8
7 19500000 19574999 1
7 19575000 19649999 3
7 19650000 19724999 9
7 19725000 19799999 9
7 19800000 19874999 6
7 19875000 19949999 2
7 19950000 20024999 3
7 20025000 20099999 2
7 20100000 20174999 4
7 20175000 20249999 6
7 20250000 20324999 2
7 20325000 20399999 3
7 20400000 20474999 2
7 20475000 20549999 2
7 20550000 20624999 6
7 20625000 20699999 3
7 20700000 20774999 5
7 20775000 20849999 1
7 20850000 20924999 9
7 20925000 20999999 2
7 21225000 21299999 2
7 21300000 21374999 7
7 21375000 21449999 4
7 21450000 21524999 5
7 21525000 21599999 11
7 21600000 21674999 11
7 21675000 21749999 9
7 21750000 21824999 1
7 21825000 21899999 3
7 21900000 21974999 2
7 21975000 22049999 3
7 22050000 22124999 6
7 22125000 22199999 8
7 22200000 22274999 10
7 22275000 22349999 7
7 22350000 22424999 3
7 22425000 22499999 1
7 22500000 22574999 4
7 22575000 22649999 7
7 22650000 22724999 5
7 22725000 22799999 4
7 22800000 22874999 1
7 22875000 22949999 2
7 22950000 23024999 5
7 23025000 23099999 1
7 23100000 23174999 2
7 23175000 23249999 1
7 23250000 23324999 2
7 23325000 23399999 6
7 23400000 23474999 4
7 23550000 23624999 1
7 23625000 23699999 2
7 23700000 23774999 2
7 23850000 23924999 3
7 23925000 23999999 2
7 2.4e+07 24074999 8
7 24075000 24149999 5
7 24150000 24224999 7
7 24225000 24299999 3
7 24375000 24449999 2
7 24825000 24899999 4
7 24900000 24974999 4
7 24975000 25049999 2
7 25050000 25124999 2
7 25125000 25199999 6
7 25200000 25274999 7
7 25275000 25349999 1
7 25350000 25424999 6
7 25425000 25499999 3
7 25500000 25574999 4
7 25575000 25649999 2
7 25650000 25724999 1
7 25875000 25949999 4
7 25950000 26024999 1
7 26100000 26174999 1
7 26175000 26249999 11
7 26250000 26324999 8
7 26325000 26399999 1
7 26400000 26474999 1
7 26475000 26549999 3
7 26700000 26774999 2
7 26775000 26849999 2
7 26850000 26924999 6
7 26925000 26999999 4
7 2.7e+07 27074999 6
7 27075000 27149999 7
7 27150000 27224999 6
7 27225000 27299999 2
7 27300000 27374999 1
7 27525000 27599999 5
7 27600000 27674999 9
7 27675000 27749999 10
7 27750000 27824999 7
7 27825000 27899999 6
7 27900000 27974999 2
8 1 74999 2
8 75000 149999 1
8 150000 224999 5
8 225000 299999 1
8 3e+05 374999 1
8 375000 449999 1
8 525000 599999 1
8 6e+05 674999 1
8 675000 749999 4
8 750000 824999 2
8 825000 899999 4
8 975000 1049999 1
8 1125000 1199999 3
8 1200000 1274999 7
8 1275000 1349999 6
8 1350000 1424999 3
8 1425000 1499999 1
8 1500000 1574999 7
8 1575000 1649999 2
8 1650000 1724999 4
8 1725000 1799999 4
8 1800000 1874999 4
8 1875000 1949999 7
8 1950000 2024999 2
8 2025000 2099999 1
8 2100000 2174999 8
8 2250000 2324999 8
8 2325000 2399999 5
8 2400000 2474999 5
8 2475000 2549999 1
8 2550000 2624999 1
8 2700000 2774999 3
8 2850000 2924999 2
8 2925000 2999999 1
8 3e+06 3074999 1
8 3075000 3149999 7
8 3150000 3224999 5
8 3225000 3299999 4
8 3300000 3374999 3
8 3375000 3449999 5
8 3450000 3524999 5
8 3600000 3674999 4
8 3750000 3824999 5
8 3825000 3899999 3
8 3900000 3974999 2
8 4050000 4124999 2
8 4125000 4199999 1
8 4275000 4349999 1
8 4350000 4424999 2
8 4500000 4574999 4
8 4575000 4649999 1
8 4650000 4724999 4
8 4725000 4799999 3
8 4800000 4874999 5
8 4875000 4949999 7
8 4950000 5024999 2
8 5025000 5099999 4
8 5100000 5174999 2
8 5175000 5249999 1
8 5400000 5474999 1
8 5550000 5624999 2
8 5625000 5699999 3
8 5775000 5849999 5
8 5850000 5924999 4
8 5925000 5999999 2
8 6e+06 6074999 5
8 6075000 6149999 1
8 6150000 6224999 1
8 6300000 6374999 4
8 6375000 6449999 3
8 6450000 6524999 1
8 6525000 6599999 6
8 6600000 6674999 4
8 6675000 6749999 6
8 6750000 6824999 5
8 6825000 6899999 1
8 6900000 6974999 4
8 6975000 7049999 2
8 7050000 7124999 2
8 7125000 7199999 4
8 7200000 7274999 4
8 7275000 7349999 1
8 7350000 7424999 3
8 7425000 7499999 1
8 7500000 7574999 3
8 7575000 7649999 1
8 7650000 7724999 2
8 7725000 7799999 2
8 7800000 7874999 2
8 7875000 7949999 1
8 7950000 8024999 4
8 8025000 8099999 4
8 8100000 8174999 2
8 8175000 8249999 1
8 8250000 8324999 2
8 8325000 8399999 3
8 8400000 8474999 5
8 8475000 8549999 5
8 8550000 8624999 4
8 8625000 8699999 5
8 8700000 8774999 4
8 8775000 8849999 8
8 8850000 8924999 2
8 8925000 8999999 1
8 9e+06 9074999 1
8 9075000 9149999 4
8 9150000 9224999 1
8 9225000 9299999 5
8 9300000 9374999 7
8 9375000 9449999 2
8 9450000 9524999 5
8 9525000 9599999 6
8 9600000 9674999 8
8 9675000 9749999 7
8 9750000 9824999 15
8 9825000 9899999 6
8 10125000 10199999 1
8 10275000 10349999 3
8 10350000 10424999 5
8 10425000 10499999 1
8 10500000 10574999 1
8 10650000 10724999 6
8 10725000 10799999 7
8 10800000 10874999 2
8 10950000 11024999 1
8 11250000 11324999 7
8 11325000 11399999 4
8 11400000 11474999 4
8 11475000 11549999 3
8 11550000 11624999 1
8 11625000 11699999 3
8 11700000 11774999 3
8 11775000 11849999 3
8 11850000 11924999 1
8 1.2e+07 12074999 2
8 12150000 12224999 1
8 12375000 12449999 2
8 12450000 12524999 9
8 12525000 12599999 8
8 12600000 12674999 9
8 12675000 12749999 1
8 12750000 12824999 4
8 12825000 12899999 9
8 12900000 12974999 4
8 12975000 13049999 4
8 13050000 13124999 5
8 13125000 13199999 3
8 13200000 13274999 2
8 13275000 13349999 5
8 13350000 13424999 7
8 13425000 13499999 6
8 13500000 13574999 2
8 13575000 13649999 3
8 13650000 13724999 1
8 13725000 13799999 4
8 13800000 13874999 14
8 13875000 13949999 3
8 13950000 14024999 1
8 14175000 14249999 2
8 14250000 14324999 8
8 14325000 14399999 6
8 14400000 14474999 7
8 14475000 14549999 3
8 14550000 14624999 1
8 14625000 14699999 1
8 14700000 14774999 5
8 14775000 14849999 7
8 14850000 14924999 2
8 14925000 14999999 3
8 1.5e+07 15074999 6
8 15075000 15149999 5
8 15150000 15224999 6
8 15225000 15299999 10
8 15300000 15374999 4
8 15375000 15449999 5
8 15450000 15524999 5
8 15600000 15674999 5
8 15675000 15749999 6
8 15750000 15824999 5
8 15825000 15899999 2
8 15900000 15974999 3
8 15975000 16049999 6
8 16050000 16124999 3
8 16125000 16199999 4
8 16200000 16274999 5
8 16275000 16349999 2
8 16425000 16499999 2
8 16500000 16574999 7
8 16575000 16649999 4
8 16650000 16724999 3
8 16725000 16799999 2
8 16800000 16874999 4
8 16875000 16949999 4
8 16950000 17024999 5
8 17025000 17099999 2
8 17100000 17174999 3
8 17175000 17249999 8
8 17250000 17324999 5
8 17325000 17399999 8
8 17400000 17474999 11
8 17475000 17549999 2
8 17550000 17624999 3
8 17625000 17699999 5
8 17700000 17774999 8
8 17775000 17849999 3
8 17850000 17924999 1
8 17925000 17999999 6
8 1.8e+07 18074999 13
8 18075000 18149999 1
8 18150000 18224999 6
8 18225000 18299999 9
8 18300000 18374999 5
8 18375000 18449999 6
8 18450000 18524999 4
8 18525000 18599999 4
8 18600000 18674999 2
8 18675000 18749999 2
8 18750000 18824999 9
8 18825000 18899999 3
8 18900000 18974999 5
8 18975000 19049999 8
8 19050000 19124999 5
8 19125000 19199999 3
8 19200000 19274999 5
8 19275000 19349999 9
8 19350000 19424999 3
9 1 74999 5
9 75000 149999 1
9 150000 224999 2
9 225000 299999 1
9 375000 449999 2
9 450000 524999 5
9 525000 599999 9
9 6e+05 674999 3
9 675000 749999 2
9 750000 824999 7
9 825000 899999 6
9 9e+05 974999 3
9 1050000 1124999 1
9 1200000 1274999 4
9 1275000 1349999 5
9 1350000 1424999 6
9 1425000 1499999 6
9 1500000 1574999 3
9 1575000 1649999 3
9 1650000 1724999 6
9 1725000 1799999 9
9 1800000 1874999 2
9 1875000 1949999 4
9 1950000 2024999 3
9 2025000 2099999 5
9 2100000 2174999 5
9 2175000 2249999 5
9 2250000 2324999 5
9 2325000 2399999 4
9 2400000 2474999 1
9 2700000 2774999 1
9 2775000 2849999 1
9 3e+06 3074999 2
9 3075000 3149999 3
9 3150000 3224999 7
9 3225000 3299999 2
9 3750000 3824999 1
9 3900000 3974999 2
9 3975000 4049999 1
9 4050000 4124999 6
9 4125000 4199999 4
9 4200000 4274999 4
9 4275000 4349999 3
9 4350000 4424999 2
9 4425000 4499999 5
9 4500000 4574999 5
9 4575000 4649999 12
9 4650000 4724999 1
9 4725000 4799999 2
9 4800000 4874999 8
9 4875000 4949999 3
9 5025000 5099999 1
9 5100000 5174999 10
9 5175000 5249999 9
9 5250000 5324999 7
9 5325000 5399999 4
9 5400000 5474999 5
9 5475000 5549999 5
9 5550000 5624999 2
9 5625000 5699999 1
9 5850000 5924999 7
9 5925000 5999999 6
9 6e+06 6074999 6
9 6075000 6149999 4
9 6225000 6299999 2
9 6300000 6374999 4
9 6375000 6449999 1
9 6450000 6524999 1
9 6525000 6599999 1
9 6600000 6674999 4
9 6675000 6749999 1
9 6825000 6899999 2
9 6900000 6974999 2
9 6975000 7049999 1
9 7050000 7124999 3
9 7125000 7199999 1
9 7200000 7274999 1
9 7275000 7349999 6
9 7350000 7424999 4
9 7425000 7499999 5
9 7500000 7574999 8
9 7575000 7649999 1
9 7725000 7799999 1
9 7875000 7949999 7
9 7950000 8024999 3
9 8025000 8099999 3
9 8100000 8174999 2
9 8175000 8249999 6
9 8250000 8324999 1
9 8325000 8399999 6
9 8400000 8474999 5
9 8475000 8549999 4
9 8550000 8624999 10
9 8625000 8699999 7
9 8700000 8774999 8
9 8775000 8849999 8
9 8850000 8924999 5
9 8925000 8999999 1
9 9075000 9149999 1
9 9225000 9299999 1
9 9375000 9449999 3
9 9450000 9524999 2
9 9525000 9599999 1
9 9600000 9674999 3
9 9675000 9749999 3
9 9750000 9824999 5
9 9825000 9899999 5
9 9900000 9974999 2
9 9975000 10049999 4
9 10050000 10124999 8
9 10125000 10199999 10
9 10200000 10274999 8
9 10350000 10424999 2
9 10425000 10499999 9
9 10500000 10574999 2
9 10575000 10649999 4
9 10650000 10724999 2
9 10725000 10799999 5
9 10800000 10874999 6
9 10875000 10949999 7
9 10950000 11024999 5
9 11025000 11099999 6
9 11100000 11174999 3
9 11175000 11249999 3
9 11250000 11324999 2
9 11325000 11399999 4
9 11400000 11474999 4
9 11475000 11549999 2
9 11625000 11699999 1
9 11850000 11924999 1
9 11925000 11999999 1
9 12075000 12149999 2
9 12150000 12224999 7
9 12225000 12299999 6
9 12300000 12374999 5
9 12375000 12449999 2
9 12450000 12524999 4
9 12600000 12674999 1
9 12675000 12749999 5
9 12750000 12824999 4
9 12900000 12974999 4
9 12975000 13049999 3
9 13050000 13124999 2
9 13125000 13199999 1
9 13275000 13349999 1
9 13500000 13574999 3
9 13575000 13649999 4
9 13650000 13724999 5
9 13725000 13799999 8
9 13800000 13874999 4
9 13875000 13949999 5
9 13950000 14024999 2
9 14025000 14099999 2
9 14100000 14174999 3
9 14175000 14249999 2
9 14250000 14324999 4
9 14325000 14399999 4
9 14400000 14474999 8
9 14475000 14549999 4
9 14550000 14624999 9
9 14625000 14699999 4
9 14700000 14774999 7
9 14775000 14849999 9
9 14850000 14924999 9
9 14925000 14999999 2
9 1.5e+07 15074999 8
9 15075000 15149999 8
9 15150000 15224999 7
9 15225000 15299999 8
9 15300000 15374999 9
9 15375000 15449999 7
9 15450000 15524999 6
9 15525000 15599999 10
9 15600000 15674999 5
9 15675000 15749999 2
9 15750000 15824999 1
9 15825000 15899999 6
9 15900000 15974999 1
9 15975000 16049999 2
9 16050000 16124999 10
9 16125000 16199999 6
9 16200000 16274999 4
9 16275000 16349999 3
9 16350000 16424999 6
9 16425000 16499999 2
9 16500000 16574999 5
9 16575000 16649999 2
9 16725000 16799999 3
9 16800000 16874999 5
9 16875000 16949999 4
9 16950000 17024999 2
9 17025000 17099999 4
9 17100000 17174999 2
9 17250000 17324999 4
9 17325000 17399999 6
9 17400000 17474999 4
9 17475000 17549999 2
9 17550000 17624999 5
9 17625000 17699999 2
9 17700000 17774999 5
9 17775000 17849999 4
9 17850000 17924999 6
9 17925000 17999999 6
9 1.8e+07 18074999 5
9 18075000 18149999 5
9 18150000 18224999 4
9 18225000 18299999 5
9 18300000 18374999 9
9 18375000 18449999 8
9 18450000 18524999 5
9 18525000 18599999 4
9 18600000 18674999 8
9 18675000 18749999 4
9 18750000 18824999 13
9 18825000 18899999 4
9 18900000 18974999 5
9 18975000 19049999 8
9 19200000 19274999 3
9 19275000 19349999 10
9 19350000 19424999 1
9 19425000 19499999 7
9 19500000 19574999 7
9 19575000 19649999 7
9 19650000 19724999 1
9 19725000 19799999 8
9 19800000 19874999 6
9 19875000 19949999 6
9 19950000 20024999 8
9 20025000 20099999 7
9 20100000 20174999 7
9 20175000 20249999 5
10 1 74999 9
10 75000 149999 1
10 225000 299999 2
10 375000 449999 1
10 450000 524999 2
10 525000 599999 4
10 6e+05 674999 1
10 750000 824999 2
10 825000 899999 1
10 9e+05 974999 3
10 975000 1049999 1
10 1050000 1124999 4
10 1125000 1199999 2
10 1200000 1274999 5
10 1350000 1424999 1
10 1425000 1499999 4
10 1500000 1574999 9
10 1575000 1649999 12
10 1650000 1724999 8
10 1725000 1799999 2
10 1800000 1874999 2
10 1875000 1949999 2
10 1950000 2024999 7
10 2025000 2099999 10
10 2100000 2174999 11
10 2175000 2249999 3
10 2250000 2324999 5
10 2325000 2399999 1
10 2475000 2549999 4
10 2550000 2624999 5
10 2625000 2699999 7
10 2700000 2774999 4
10 2850000 2924999 1
10 3e+06 3074999 3
10 3075000 3149999 4
10 3150000 3224999 10
10 3225000 3299999 8
10 3300000 3374999 9
10 3375000 3449999 3
10 3450000 3524999 1
10 3600000 3674999 1
10 3675000 3749999 1
10 3750000 3824999 11
10 3825000 3899999 2
10 3900000 3974999 1
10 3975000 4049999 1
10 4200000 4274999 3
10 4275000 4349999 1
10 4350000 4424999 5
10 4425000 4499999 8
10 4500000 4574999 6
10 4575000 4649999 8
10 4650000 4724999 3
10 4725000 4799999 5
10 4800000 4874999 2
10 4875000 4949999 3
10 5025000 5099999 1
10 5100000 5174999 8
10 5175000 5249999 6
10 5250000 5324999 11
10 5325000 5399999 4
10 5400000 5474999 1
10 5475000 5549999 1
10 5700000 5774999 1
10 5850000 5924999 1
10 6075000 6149999 4
10 6150000 6224999 2
10 6225000 6299999 4
10 6300000 6374999 3
10 6375000 6449999 5
10 6450000 6524999 5
10 6525000 6599999 4
10 6600000 6674999 7
10 6675000 6749999 8
10 6750000 6824999 8
10 6825000 6899999 1
10 6900000 6974999 2
10 6975000 7049999 5
10 7050000 7124999 9
10 7125000 7199999 2
10 7200000 7274999 2
10 7275000 7349999 3
10 7350000 7424999 6
10 7425000 7499999 7
10 7500000 7574999 5
10 7650000 7724999 1
10 7725000 7799999 4
10 7800000 7874999 7
10 7875000 7949999 11
10 7950000 8024999 9
10 8025000 8099999 4
10 8100000 8174999 10
10 8175000 8249999 4
10 8250000 8324999 8
10 8325000 8399999 3
10 8400000 8474999 3
10 8475000 8549999 1
10 8550000 8624999 2
10 8625000 8699999 5
10 8700000 8774999 8
10 8775000 8849999 4
10 8850000 8924999 6
10 8925000 8999999 1
10 9e+06 9074999 6
10 9075000 9149999 7
10 9150000 9224999 6
10 9225000 9299999 6
10 9300000 9374999 4
10 9375000 9449999 2
10 9450000 9524999 4
10 9525000 9599999 6
10 9600000 9674999 4
10 9675000 9749999 9
10 9750000 9824999 4
10 9825000 9899999 6
10 9900000 9974999 8
10 9975000 10049999 5
10 10050000 10124999 4
10 10125000 10199999 2
10 10425000 10499999 1
10 10575000 10649999 1
10 10650000 10724999 2
10 10800000 10874999 1
10 11100000 11174999 4
10 11175000 11249999 3
10 11250000 11324999 6
10 11325000 11399999 7
10 11400000 11474999 2
10 11475000 11549999 4
10 11550000 11624999 2
10 11625000 11699999 4
10 11775000 11849999 1
10 11925000 11999999 7
10 1.2e+07 12074999 2
10 12075000 12149999 4
10 12150000 12224999 5
10 12300000 12374999 2
10 12375000 12449999 5
10 12450000 12524999 8
10 12525000 12599999 3
10 12600000 12674999 2
10 12675000 12749999 6
10 12750000 12824999 4
10 12825000 12899999 7
10 12900000 12974999 3
10 12975000 13049999 8
10 13050000 13124999 4
10 13125000 13199999 3
10 13200000 13274999 6
10 13275000 13349999 2
10 13350000 13424999 1
10 13425000 13499999 2
10 13500000 13574999 2
10 13575000 13649999 4
10 13650000 13724999 2
10 13725000 13799999 5
10 13800000 13874999 1
10 13950000 14024999 5
10 14025000 14099999 5
10 14100000 14174999 1
10 14175000 14249999 6
10 14250000 14324999 5
10 14325000 14399999 13
10 14400000 14474999 9
10 14475000 14549999 7
10 14550000 14624999 15
10 14625000 14699999 15
10 14700000 14774999 6
10 14775000 14849999 3
10 14850000 14924999 1
10 14925000 14999999 5
10 1.5e+07 15074999 9
10 15150000 15224999 2
10 15225000 15299999 8
10 15300000 15374999 7
10 15375000 15449999 10
10 15450000 15524999 4
10 15525000 15599999 7
10 15600000 15674999 2
11 1 74999 5
11 75000 149999 1
11 150000 224999 5
11 225000 299999 6
11 3e+05 374999 3
11 375000 449999 6
11 450000 524999 4
11 525000 599999 2
11 6e+05 674999 1
11 675000 749999 6
11 750000 824999 4
11 825000 899999 1
11 9e+05 974999 5
11 975000 1049999 3
11 1050000 1124999 3
11 1200000 1274999 4
11 1275000 1349999 9
11 1350000 1424999 6
11 1425000 1499999 2
11 1500000 1574999 1
11 1575000 1649999 2
11 1650000 1724999 6
11 1725000 1799999 1
11 1875000 1949999 4
11 1950000 2024999 3
11 2025000 2099999 1
11 2100000 2174999 1
11 2175000 2249999 3
11 2250000 2324999 2
11 2325000 2399999 3
11 2400000 2474999 4
11 2475000 2549999 13
11 2550000 2624999 5
11 2625000 2699999 6
11 2700000 2774999 5
11 2775000 2849999 3
11 2850000 2924999 3
11 2925000 2999999 5
11 3e+06 3074999 6
11 3075000 3149999 5
11 3150000 3224999 1
11 3225000 3299999 4
11 3300000 3374999 5
11 3375000 3449999 5
11 3450000 3524999 9
11 3525000 3599999 3
11 3600000 3674999 2
11 3675000 3749999 6
11 3750000 3824999 5
11 3825000 3899999 7
11 3900000 3974999 5
11 3975000 4049999 1
11 4050000 4124999 11
11 4125000 4199999 5
11 4200000 4274999 12
11 4275000 4349999 4
11 4350000 4424999 1
11 4425000 4499999 2
11 4500000 4574999 4
11 4575000 4649999 5
11 4650000 4724999 9
11 4725000 4799999 7
11 4800000 4874999 4
11 4875000 4949999 7
11 4950000 5024999 9
11 5025000 5099999 9
11 5100000 5174999 4
11 5175000 5249999 7
11 5250000 5324999 3
11 5400000 5474999 6
11 5475000 5549999 5
11 5550000 5624999 1
11 5625000 5699999 6
11 5700000 5774999 4
11 5775000 5849999 2
11 5850000 5924999 3
11 5925000 5999999 2
11 6e+06 6074999 11
11 6075000 6149999 2
11 6150000 6224999 6
11 6225000 6299999 4
11 6300000 6374999 6
11 6375000 6449999 3
11 6450000 6524999 3
11 6525000 6599999 7
11 6600000 6674999 3
11 6675000 6749999 5
11 6750000 6824999 2
11 6825000 6899999 2
11 7050000 7124999 6
11 7125000 7199999 1
11 7200000 7274999 3
11 7275000 7349999 1
11 7350000 7424999 9
11 7425000 7499999 3
11 7500000 7574999 4
11 7575000 7649999 1
11 7650000 7724999 4
11 7725000 7799999 7
11 7800000 7874999 5
11 7875000 7949999 11
11 8025000 8099999 1
11 8100000 8174999 8
11 8175000 8249999 8
11 8250000 8324999 6
11 8325000 8399999 12
11 8400000 8474999 5
11 8475000 8549999 4
11 8625000 8699999 4
11 8700000 8774999 4
11 8775000 8849999 7
11 8850000 8924999 12
11 8925000 8999999 1
11 9e+06 9074999 4
11 9075000 9149999 7
11 9150000 9224999 4
11 9225000 9299999 4
11 9375000 9449999 1
11 9450000 9524999 2
11 9525000 9599999 3
11 9600000 9674999 4
11 9675000 9749999 3
11 9750000 9824999 3
11 9825000 9899999 4
11 9900000 9974999 4
11 9975000 10049999 4
11 10050000 10124999 4
11 10125000 10199999 1
11 10200000 10274999 6
11 10275000 10349999 4
11 10350000 10424999 7
11 10425000 10499999 8
11 10500000 10574999 1
11 10575000 10649999 2
11 10650000 10724999 4
11 10725000 10799999 5
11 10800000 10874999 8
11 10875000 10949999 11
11 10950000 11024999 3
11 11025000 11099999 2
11 11100000 11174999 1
11 11175000 11249999 6
11 11250000 11324999 7
11 11325000 11399999 7
11 11400000 11474999 2
11 11475000 11549999 4
11 11550000 11624999 11
11 11625000 11699999 12
11 11700000 11774999 4
11 11775000 11849999 5
11 11850000 11924999 2
11 11925000 11999999 3
11 1.2e+07 12074999 1
11 12075000 12149999 4
11 12150000 12224999 5
11 12225000 12299999 1
11 12300000 12374999 8
11 12375000 12449999 5
11 12450000 12524999 10
11 12525000 12599999 13
11 12600000 12674999 8
11 12675000 12749999 14
11 12750000 12824999 5
11 12825000 12899999 9
11 12900000 12974999 2
11 12975000 13049999 5
11 13050000 13124999 3
11 13125000 13199999 3
11 13200000 13274999 6
11 13275000 13349999 13
11 13350000 13424999 10
11 13425000 13499999 7
11 13500000 13574999 4
11 13575000 13649999 8
11 13650000 13724999 14
11 13725000 13799999 5
11 13800000 13874999 3
11 13875000 13949999 1
11 14025000 14099999 6
11 14100000 14174999 3
11 14175000 14249999 2
11 14250000 14324999 5
11 14325000 14399999 1
11 14400000 14474999 5
11 14475000 14549999 11
11 14550000 14624999 2
11 14625000 14699999 7
11 14700000 14774999 7
11 14775000 14849999 5
11 14850000 14924999 2
11 14925000 14999999 5
11 1.5e+07 15074999 3
11 15150000 15224999 4
11 15225000 15299999 5
11 15375000 15449999 5
11 15450000 15524999 7
11 15525000 15599999 6
11 15600000 15674999 5
11 15675000 15749999 15
11 15750000 15824999 6
11 15825000 15899999 9
11 15900000 15974999 5
11 15975000 16049999 5
11 16050000 16124999 3
11 16125000 16199999 7
11 16200000 16274999 12
11 16275000 16349999 11
11 16350000 16424999 3
11 16425000 16499999 6
11 16500000 16574999 2
11 16575000 16649999 6
11 16650000 16724999 6
12 1 74999 1
12 150000 224999 4
12 225000 299999 2
12 3e+05 374999 4
12 375000 449999 2
12 450000 524999 2
12 525000 599999 5
12 6e+05 674999 13
12 675000 749999 5
12 750000 824999 3
12 825000 899999 7
12 975000 1049999 1
12 1050000 1124999 7
12 1125000 1199999 3
12 1275000 1349999 2
12 1350000 1424999 6
12 1425000 1499999 5
12 1500000 1574999 2
12 1575000 1649999 4
12 1650000 1724999 5
12 1725000 1799999 2
12 1800000 1874999 1
12 1875000 1949999 2
12 1950000 2024999 5
12 2025000 2099999 8
12 2100000 2174999 6
12 2175000 2249999 3
12 2250000 2324999 4
12 2325000 2399999 4
12 2400000 2474999 2
12 2550000 2624999 5
12 2625000 2699999 4
12 2700000 2774999 1
12 2775000 2849999 2
12 2850000 2924999 2
12 2925000 2999999 3
12 3e+06 3074999 1
12 3075000 3149999 6
12 3150000 3224999 6
12 3525000 3599999 4
12 3600000 3674999 3
12 3675000 3749999 7
12 3750000 3824999 4
12 3825000 3899999 4
12 3900000 3974999 2
12 3975000 4049999 2
12 4050000 4124999 8
12 4125000 4199999 2
12 4200000 4274999 4
12 4275000 4349999 2
12 4350000 4424999 3
12 4425000 4499999 3
12 4500000 4574999 1
12 4575000 4649999 3
12 4725000 4799999 1
12 5025000 5099999 2
12 5100000 5174999 1
12 5250000 5324999 2
12 5325000 5399999 2
12 5400000 5474999 1
12 5475000 5549999 5
12 5550000 5624999 10
12 5625000 5699999 3
12 5700000 5774999 8
12 5775000 5849999 6
12 5850000 5924999 6
12 5925000 5999999 4
12 6e+06 6074999 2
12 6075000 6149999 1
12 6225000 6299999 1
12 6375000 6449999 7
12 6450000 6524999 3
12 6525000 6599999 1
12 6600000 6674999 1
12 6675000 6749999 2
12 6750000 6824999 2
12 6825000 6899999 5
12 6900000 6974999 7
12 7050000 7124999 4
12 7125000 7199999 11
12 7275000 7349999 2
12 7350000 7424999 4
12 7425000 7499999 3
12 7500000 7574999 14
12 7575000 7649999 7
12 7650000 7724999 6
12 7725000 7799999 7
12 7800000 7874999 5
12 7875000 7949999 4
12 7950000 8024999 2
12 8025000 8099999 7
12 8100000 8174999 5
12 8325000 8399999 4
12 8475000 8549999 2
12 8550000 8624999 3
12 8625000 8699999 7
12 8700000 8774999 1
12 8775000 8849999 3
12 8850000 8924999 4
12 9e+06 9074999 2
12 9075000 9149999 6
12 9150000 9224999 1
12 9375000 9449999 5
12 9450000 9524999 4
12 9525000 9599999 2
12 9600000 9674999 3
12 9675000 9749999 2
12 9750000 9824999 2
12 9825000 9899999 2
12 9900000 9974999 8
12 9975000 10049999 9
12 10050000 10124999 9
12 10125000 10199999 3
12 10200000 10274999 6
12 10275000 10349999 3
12 10350000 10424999 5
12 10425000 10499999 10
12 10500000 10574999 5
12 10575000 10649999 1
12 10650000 10724999 6
12 10725000 10799999 9
12 10800000 10874999 4
12 10875000 10949999 4
12 10950000 11024999 6
12 11025000 11099999 3
12 11100000 11174999 5
12 11175000 11249999 4
12 11250000 11324999 9
12 11325000 11399999 4
12 11400000 11474999 4
12 11475000 11549999 3
12 11550000 11624999 7
12 11625000 11699999 7
12 11700000 11774999 7
12 11850000 11924999 2
12 11925000 11999999 6
12 1.2e+07 12074999 4
12 12075000 12149999 8
12 12150000 12224999 6
12 12225000 12299999 3
12 12300000 12374999 9
12 12375000 12449999 11
12 12450000 12524999 4
12 12525000 12599999 1
12 12600000 12674999 2
12 12675000 12749999 2
12 12750000 12824999 7
12 12825000 12899999 2
12 12900000 12974999 1
12 12975000 13049999 8
12 13050000 13124999 1
12 13125000 13199999 3
12 13200000 13274999 2
12 13275000 13349999 2
12 13350000 13424999 3
12 13425000 13499999 6
12 13500000 13574999 6
12 13575000 13649999 5
12 13650000 13724999 8
12 13725000 13799999 5
12 13800000 13874999 8
12 13875000 13949999 4
12 14025000 14099999 1
12 14175000 14249999 7
12 14250000 14324999 3
12 14325000 14399999 3
12 14400000 14474999 2
12 14475000 14549999 3
12 14550000 14624999 1
12 14625000 14699999 2
12 14700000 14774999 5
12 14775000 14849999 2
12 14850000 14924999 5
12 14925000 14999999 5
12 1.5e+07 15074999 6
12 15075000 15149999 7
12 15150000 15224999 7
12 15225000 15299999 7
12 15300000 15374999 11
12 15375000 15449999 7
12 15450000 15524999 8
12 15525000 15599999 6
12 15600000 15674999 8
12 15675000 15749999 6
12 15750000 15824999 8
12 15825000 15899999 7
12 15900000 15974999 6
12 15975000 16049999 9
12 16050000 16124999 6
12 16125000 16199999 6
12 16200000 16274999 1
12 16425000 16499999 9
12 16500000 16574999 54
12 16575000 16649999 5
12 16650000 16724999 24
12 16725000 16799999 9
12 16800000 16874999 2
12 16875000 16949999 5
12 16950000 17024999 5
12 17100000 17174999 1
12 17175000 17249999 1
12 17250000 17324999 2
12 17325000 17399999 1
12 17475000 17549999 2
12 17550000 17624999 2
12 17625000 17699999 4
12 17700000 17774999 3
12 17775000 17849999 1
12 17850000 17924999 1
12 17925000 17999999 4
12 1.8e+07 18074999 7
12 18075000 18149999 6
12 18150000 18224999 5
12 18225000 18299999 7
12 18300000 18374999 2
12 18375000 18449999 1
13 1 74999 2
13 75000 149999 3
13 150000 224999 1
13 225000 299999 2
13 3e+05 374999 4
13 375000 449999 4
13 525000 599999 1
13 675000 749999 1
13 750000 824999 3
13 825000 899999 3
13 9e+05 974999 7
13 975000 1049999 8
13 1050000 1124999 9
13 1125000 1199999 2
13 1275000 1349999 1
13 1350000 1424999 5
13 1425000 1499999 3
13 1500000 1574999 11
13 1575000 1649999 3
13 1650000 1724999 5
13 1725000 1799999 5
13 1800000 1874999 7
13 1875000 1949999 5
13 1950000 2024999 1
13 2025000 2099999 2
13 2100000 2174999 4
13 2175000 2249999 8
13 2250000 2324999 4
13 2325000 2399999 2
13 2400000 2474999 2
13 2475000 2549999 1
13 2550000 2624999 7
13 2625000 2699999 2
13 2700000 2774999 2
13 2775000 2849999 2
13 2925000 2999999 6
13 3e+06 3074999 1
13 3075000 3149999 1
13 3150000 3224999 4
13 3225000 3299999 4
13 3300000 3374999 1
13 3525000 3599999 1
13 3600000 3674999 3
13 3675000 3749999 2
13 3750000 3824999 1
13 3825000 3899999 3
13 3900000 3974999 6
13 3975000 4049999 5
13 4050000 4124999 4
13 4125000 4199999 2
13 4200000 4274999 1
13 4275000 4349999 1
13 4350000 4424999 2
13 4425000 4499999 3
13 4500000 4574999 4
13 4575000 4649999 8
13 4650000 4724999 1
13 4725000 4799999 1
13 4800000 4874999 2
13 4875000 4949999 3
13 4950000 5024999 5
13 5025000 5099999 6
13 5100000 5174999 13
13 5175000 5249999 4
13 5475000 5549999 1
13 5625000 5699999 6
13 5700000 5774999 5
13 5775000 5849999 4
13 5850000 5924999 1
13 5925000 5999999 2
13 6e+06 6074999 6
13 6075000 6149999 3
13 6150000 6224999 4
13 6225000 6299999 5
13 6375000 6449999 3
13 6450000 6524999 7
13 6525000 6599999 5
13 6825000 6899999 1
13 6975000 7049999 2
13 7050000 7124999 6
13 7125000 7199999 3
13 7200000 7274999 7
13 7275000 7349999 1
13 7350000 7424999 5
13 7425000 7499999 5
13 7500000 7574999 2
13 7575000 7649999 2
13 7875000 7949999 3
13 7950000 8024999 4
13 8025000 8099999 4
13 8100000 8174999 4
13 8175000 8249999 8
13 8250000 8324999 8
13 8325000 8399999 5
13 8400000 8474999 8
13 8475000 8549999 2
13 8550000 8624999 5
13 8625000 8699999 6
13 8700000 8774999 2
13 8775000 8849999 8
13 8850000 8924999 8
13 8925000 8999999 10
13 9e+06 9074999 6
13 9075000 9149999 1
13 9150000 9224999 7
13 9225000 9299999 10
13 9300000 9374999 9
13 9375000 9449999 9
13 9450000 9524999 8
13 9525000 9599999 4
13 9600000 9674999 7
13 9675000 9749999 8
13 9750000 9824999 6
13 9825000 9899999 8
13 9900000 9974999 3
13 9975000 10049999 2
13 10050000 10124999 1
13 10200000 10274999 1
13 10275000 10349999 3
13 10350000 10424999 3
13 10575000 10649999 2
13 10650000 10724999 6
13 10950000 11024999 3
13 11025000 11099999 1
13 11175000 11249999 2
13 11250000 11324999 1
13 11325000 11399999 4
13 11400000 11474999 1
13 11475000 11549999 4
13 11550000 11624999 3
13 11625000 11699999 5
13 11700000 11774999 1
13 11775000 11849999 5
13 11850000 11924999 6
13 11925000 11999999 3
13 1.2e+07 12074999 6
13 12075000 12149999 8
13 12150000 12224999 6
13 12225000 12299999 2
13 12300000 12374999 10
13 12375000 12449999 4
13 12600000 12674999 4
13 12750000 12824999 2
13 12825000 12899999 7
13 12900000 12974999 6
13 12975000 13049999 6
13 13050000 13124999 2
13 13125000 13199999 12
13 13200000 13274999 8
13 13275000 13349999 7
13 13350000 13424999 7
13 13425000 13499999 2
13 13500000 13574999 1
13 13650000 13724999 2
13 13725000 13799999 2
13 13800000 13874999 3
13 13875000 13949999 5
13 14025000 14099999 3
13 14100000 14174999 3
13 14175000 14249999 3
13 14250000 14324999 3
13 14325000 14399999 1
13 14400000 14474999 6
13 14475000 14549999 5
13 14550000 14624999 4
13 14625000 14699999 7
13 14700000 14774999 12
13 14775000 14849999 8
13 14850000 14924999 4
13 14925000 14999999 2
13 15300000 15374999 6
13 15375000 15449999 6
13 15450000 15524999 1
13 15525000 15599999 1
13 15600000 15674999 3
13 15675000 15749999 1
13 15900000 15974999 3
13 15975000 16049999 4
13 16050000 16124999 6
13 16125000 16199999 6
13 16200000 16274999 2
13 16275000 16349999 12
13 16350000 16424999 6
13 16425000 16499999 3
13 16500000 16574999 3
13 16575000 16649999 5
13 16650000 16724999 3
13 16725000 16799999 6
13 16800000 16874999 7
13 16875000 16949999 1
13 16950000 17024999 1
13 17175000 17249999 3
13 17250000 17324999 10
13 17325000 17399999 7
13 17400000 17474999 10
13 17475000 17549999 6
13 17550000 17624999 3
13 17625000 17699999 2
13 17700000 17774999 6
13 17850000 17924999 1
13 1.8e+07 18074999 3
13 18075000 18149999 10
13 18150000 18224999 2
13 18225000 18299999 7
13 18300000 18374999 4
13 18375000 18449999 2
13 18450000 18524999 2
13 18525000 18599999 4
13 18675000 18749999 3
13 18750000 18824999 4
13 18825000 18899999 5
13 18900000 18974999 5
13 18975000 19049999 3
13 19050000 19124999 2
13 19125000 19199999 1
13 19200000 19274999 4
13 19275000 19349999 4
13 19350000 19424999 4
13 19425000 19499999 7
13 19500000 19574999 6
13 19575000 19649999 4
13 19650000 19724999 8
13 19725000 19799999 3
13 19800000 19874999 6
13 19875000 19949999 4
13 19950000 20024999 7
13 20025000 20099999 6
14 1 74999 6
14 75000 149999 8
14 150000 224999 9
14 225000 299999 7
14 3e+05 374999 8
14 375000 449999 10
14 450000 524999 6
14 525000 599999 3
14 6e+05 674999 8
14 675000 749999 5
14 750000 824999 3
14 825000 899999 8
14 9e+05 974999 3
14 975000 1049999 3
14 1050000 1124999 7
14 1125000 1199999 5
14 1200000 1274999 2
14 1275000 1349999 5
14 1350000 1424999 3
14 1425000 1499999 3
14 1575000 1649999 8
14 1650000 1724999 9
14 1725000 1799999 2
14 1800000 1874999 3
14 1875000 1949999 7
14 1950000 2024999 1
14 2025000 2099999 1
14 2100000 2174999 3
14 2175000 2249999 1
14 2250000 2324999 2
14 2400000 2474999 1
14 2475000 2549999 2
14 2550000 2624999 6
14 2625000 2699999 1
14 2700000 2774999 16
14 2850000 2924999 4
14 2925000 2999999 5
14 3e+06 3074999 3
14 3075000 3149999 5
14 3150000 3224999 9
14 3225000 3299999 5
14 3300000 3374999 7
14 3375000 3449999 5
14 3450000 3524999 6
14 3525000 3599999 8
14 3600000 3674999 5
14 3675000 3749999 3
14 3825000 3899999 2
14 3900000 3974999 6
14 3975000 4049999 8
14 4050000 4124999 3
14 4125000 4199999 2
14 4200000 4274999 4
14 4275000 4349999 4
14 4350000 4424999 1
14 4425000 4499999 6
14 4500000 4574999 3
14 4575000 4649999 3
14 4650000 4724999 1
14 4725000 4799999 1
14 4800000 4874999 1
14 4875000 4949999 1
14 5025000 5099999 2
14 5100000 5174999 1
14 5175000 5249999 1
14 5250000 5324999 3
14 5325000 5399999 7
14 5400000 5474999 5
14 5475000 5549999 5
14 5550000 5624999 5
14 5700000 5774999 1
14 5775000 5849999 2
14 5850000 5924999 5
14 5925000 5999999 5
14 6e+06 6074999 5
14 6150000 6224999 1
14 6225000 6299999 3
14 6300000 6374999 5
14 6375000 6449999 9
14 6450000 6524999 7
14 6525000 6599999 11
14 6600000 6674999 8
14 6675000 6749999 6
14 6750000 6824999 9
14 6825000 6899999 10
14 6900000 6974999 12
14 6975000 7049999 9
14 7050000 7124999 4
14 7125000 7199999 4
14 7200000 7274999 2
14 7275000 7349999 6
14 7350000 7424999 6
14 7425000 7499999 7
14 7500000 7574999 2
14 7650000 7724999 6
14 7725000 7799999 5
14 7800000 7874999 4
14 7875000 7949999 5
14 7950000 8024999 6
14 8025000 8099999 5
14 8100000 8174999 1
14 8175000 8249999 4
14 8250000 8324999 2
14 8400000 8474999 5
14 8550000 8624999 1
14 8625000 8699999 1
14 8700000 8774999 4
14 8850000 8924999 2
14 8925000 8999999 4
14 9e+06 9074999 7
14 9075000 9149999 2
14 9150000 9224999 4
14 9225000 9299999 4
14 9300000 9374999 2
14 9375000 9449999 2
14 9525000 9599999 1
14 9600000 9674999 4
14 9675000 9749999 5
14 9900000 9974999 1
14 9975000 10049999 1
14 10125000 10199999 4
14 10200000 10274999 5
14 10275000 10349999 2
14 10350000 10424999 9
14 10425000 10499999 2
14 10575000 10649999 4
14 10650000 10724999 8
14 10725000 10799999 4
14 10800000 10874999 4
14 10950000 11024999 1
14 11025000 11099999 2
14 11100000 11174999 1
14 11175000 11249999 5
14 11250000 11324999 5
14 11325000 11399999 6
14 11400000 11474999 2
14 11475000 11549999 3
14 11550000 11624999 4
14 11625000 11699999 1
14 11700000 11774999 1
14 11775000 11849999 1
14 11850000 11924999 1
14 1.2e+07 12074999 3
14 12450000 12524999 2
14 12675000 12749999 4
14 12750000 12824999 3
14 12825000 12899999 1
14 12900000 12974999 3
14 12975000 13049999 3
14 13050000 13124999 2
14 13125000 13199999 1
14 13200000 13274999 5
14 13275000 13349999 3
14 13350000 13424999 3
14 13425000 13499999 1
14 13650000 13724999 3
14 13725000 13799999 5
14 13800000 13874999 5
14 13875000 13949999 3
14 13950000 14024999 3
14 14025000 14099999 6
14 14100000 14174999 4
14 14175000 14249999 8
14 14250000 14324999 6
14 14325000 14399999 7
14 14400000 14474999 4
14 14475000 14549999 7
14 14550000 14624999 4
14 14625000 14699999 7
14 14700000 14774999 4
14 14775000 14849999 3
14 14850000 14924999 2
14 14925000 14999999 2
14 1.5e+07 15074999 2
14 15075000 15149999 2
14 15150000 15224999 1
15 1 74999 9
15 75000 149999 9
15 150000 224999 8
15 225000 299999 4
15 3e+05 374999 6
15 375000 449999 3
15 450000 524999 2
15 525000 599999 1
15 6e+05 674999 2
15 675000 749999 8
15 750000 824999 5
15 825000 899999 7
15 9e+05 974999 8
15 975000 1049999 1
15 1050000 1124999 1
15 1200000 1274999 6
15 1275000 1349999 8
15 1350000 1424999 10
15 1425000 1499999 11
15 1500000 1574999 8
15 1575000 1649999 3
15 1650000 1724999 6
15 1725000 1799999 3
15 1800000 1874999 3
15 1875000 1949999 5
15 1950000 2024999 7
15 2025000 2099999 2
15 2100000 2174999 5
15 2175000 2249999 5
15 2250000 2324999 7
15 2325000 2399999 3
15 2400000 2474999 1
15 2475000 2549999 5
15 2550000 2624999 3
15 2625000 2699999 7
15 2700000 2774999 8
15 2775000 2849999 5
15 2850000 2924999 10
15 2925000 2999999 6
15 3e+06 3074999 4
15 3075000 3149999 1
15 3225000 3299999 6
15 3375000 3449999 4
15 3450000 3524999 2
15 3525000 3599999 4
15 3600000 3674999 4
15 3675000 3749999 3
15 3750000 3824999 1
15 3825000 3899999 3
15 3975000 4049999 1
15 4050000 4124999 8
15 4125000 4199999 8
15 4200000 4274999 1
15 4275000 4349999 8
15 4350000 4424999 3
15 4425000 4499999 2
15 4500000 4574999 7
15 4575000 4649999 1
15 4650000 4724999 4
15 4725000 4799999 10
15 4800000 4874999 6
15 4875000 4949999 7
15 4950000 5024999 3
15 5025000 5099999 1
15 5100000 5174999 6
15 5175000 5249999 1
15 5325000 5399999 11
15 5400000 5474999 7
15 5475000 5549999 7
15 5550000 5624999 5
15 5625000 5699999 5
15 5700000 5774999 6
15 5775000 5849999 7
15 5850000 5924999 3
15 5925000 5999999 7
15 6e+06 6074999 4
15 6075000 6149999 7
15 6150000 6224999 2
15 6225000 6299999 2
15 6375000 6449999 3
15 6600000 6674999 1
15 6750000 6824999 3
15 6825000 6899999 2
15 6900000 6974999 7
15 6975000 7049999 6
15 7050000 7124999 8
15 7125000 7199999 2
15 7200000 7274999 3
15 7275000 7349999 9
15 7350000 7424999 3
15 7425000 7499999 2
15 7500000 7574999 3
15 7575000 7649999 4
15 7650000 7724999 1
15 7875000 7949999 3
15 7950000 8024999 9
15 8025000 8099999 7
15 8100000 8174999 2
15 8175000 8249999 5
15 8250000 8324999 6
15 8400000 8474999 2
15 8475000 8549999 5
15 8550000 8624999 5
15 8625000 8699999 6
15 8700000 8774999 7
15 8775000 8849999 1
15 8850000 8924999 3
15 9e+06 9074999 3
15 9075000 9149999 2
15 9150000 9224999 1
15 9225000 9299999 1
15 9450000 9524999 5
15 9525000 9599999 7
15 9600000 9674999 6
15 9675000 9749999 5
15 9750000 9824999 10
15 9825000 9899999 5
15 9900000 9974999 5
15 9975000 10049999 1
15 10050000 10124999 3
15 10125000 10199999 3
15 10200000 10274999 2
15 10275000 10349999 3
15 10350000 10424999 1
15 10425000 10499999 4
15 10500000 10574999 6
15 10575000 10649999 4
15 10650000 10724999 1
15 10725000 10799999 2
15 10800000 10874999 1
15 10875000 10949999 3
15 10950000 11024999 4
15 11025000 11099999 3
15 11100000 11174999 7
15 11175000 11249999 1
15 11250000 11324999 7
15 11325000 11399999 4
15 11400000 11474999 9
15 11475000 11549999 11
15 11550000 11624999 8
15 11625000 11699999 6
15 11700000 11774999 4
15 11775000 11849999 3
15 11850000 11924999 3
15 11925000 11999999 3
15 1.2e+07 12074999 1
15 12075000 12149999 6
15 12150000 12224999 8
15 12225000 12299999 7
15 12300000 12374999 2
15 12375000 12449999 1
15 12525000 12599999 1
15 12975000 13049999 3
15 13050000 13124999 3
15 13125000 13199999 10
15 13200000 13274999 6
15 13275000 13349999 3
15 13350000 13424999 3
15 13725000 13799999 3
15 13800000 13874999 1
15 14100000 14174999 6
15 14250000 14324999 6
15 14325000 14399999 2
15 14400000 14474999 1
15 14475000 14549999 1
15 14700000 14774999 1
15 14850000 14924999 4
15 14925000 14999999 1
15 15375000 15449999 2
15 15450000 15524999 3
15 15525000 15599999 3
15 15600000 15674999 5
15 15675000 15749999 2
15 15750000 15824999 1
15 15900000 15974999 3
15 15975000 16049999 5
15 16050000 16124999 3
15 16125000 16199999 3
16 1 74999 3
16 75000 149999 6
16 150000 224999 2
16 225000 299999 5
16 3e+05 374999 2
16 375000 449999 6
16 450000 524999 6
16 6e+05 674999 2
16 1350000 1424999 3
16 1425000 1499999 1
16 1500000 1574999 1
16 1575000 1649999 3
16 1650000 1724999 7
16 1800000 1874999 1
16 1875000 1949999 1
16 2025000 2099999 3
16 2100000 2174999 1
16 2175000 2249999 5
16 2250000 2324999 5
16 2325000 2399999 3
16 2400000 2474999 5
16 2475000 2549999 7
16 2550000 2624999 3
16 2625000 2699999 3
16 2775000 2849999 4
16 2850000 2924999 2
16 2925000 2999999 1
16 3e+06 3074999 2
16 3075000 3149999 1
16 3150000 3224999 4
16 3300000 3374999 1
16 3375000 3449999 6
16 3450000 3524999 3
16 3525000 3599999 3
16 3600000 3674999 5
16 3675000 3749999 3
16 3750000 3824999 2
16 3825000 3899999 2
16 3900000 3974999 3
16 3975000 4049999 3
16 4050000 4124999 5
16 4125000 4199999 2
16 4200000 4274999 5
16 4275000 4349999 3
16 4425000 4499999 3
16 4500000 4574999 3
16 4650000 4724999 6
16 4725000 4799999 4
16 4800000 4874999 2
16 4875000 4949999 2
16 4950000 5024999 1
16 5025000 5099999 4
16 5100000 5174999 4
16 5475000 5549999 2
16 5550000 5624999 8
16 5625000 5699999 2
16 5700000 5774999 1
16 5775000 5849999 1
16 5850000 5924999 3
16 6075000 6149999 1
16 6225000 6299999 8
16 6300000 6374999 8
16 6375000 6449999 6
16 6450000 6524999 9
16 6525000 6599999 5
16 6600000 6674999 4
16 6675000 6749999 3
16 6825000 6899999 1
16 6900000 6974999 3
16 6975000 7049999 8
16 7050000 7124999 2
16 7125000 7199999 1
16 7200000 7274999 9
16 7275000 7349999 7
16 7350000 7424999 5
16 7425000 7499999 4
16 7500000 7574999 7
16 7575000 7649999 12
16 7650000 7724999 7
16 7725000 7799999 5
16 7800000 7874999 5
16 7875000 7949999 3
16 7950000 8024999 1
16 8025000 8099999 2
16 8100000 8174999 5
16 8175000 8249999 6
16 8250000 8324999 1
16 8325000 8399999 2
16 8400000 8474999 5
16 8475000 8549999 10
16 8550000 8624999 8
16 8625000 8699999 2
16 8700000 8774999 1
16 8775000 8849999 6
16 8850000 8924999 6
16 8925000 8999999 3
16 9e+06 9074999 6
16 9075000 9149999 9
16 9150000 9224999 2
16 9225000 9299999 2
16 9300000 9374999 6
16 9375000 9449999 2
16 9450000 9524999 1
16 9525000 9599999 7
16 9600000 9674999 4
16 9675000 9749999 4
16 9750000 9824999 6
16 9825000 9899999 3
16 9900000 9974999 3
16 9975000 10049999 7
16 10050000 10124999 3
16 10125000 10199999 6
16 10200000 10274999 7
16 10275000 10349999 5
16 10350000 10424999 6
16 10425000 10499999 8
16 10500000 10574999 7
16 10575000 10649999 3
16 10650000 10724999 5
16 10725000 10799999 2
16 10800000 10874999 3
16 10875000 10949999 5
16 10950000 11024999 5
16 11025000 11099999 2
16 11100000 11174999 2
16 11175000 11249999 4
16 11250000 11324999 1
16 11325000 11399999 1
16 11400000 11474999 4
16 11475000 11549999 3
16 11550000 11624999 5
16 11625000 11699999 6
16 11700000 11774999 6
16 11775000 11849999 1
16 11850000 11924999 3
16 11925000 11999999 3
16 1.2e+07 12074999 4
16 12075000 12149999 3
16 12150000 12224999 5
16 12225000 12299999 7
16 12300000 12374999 2
16 12450000 12524999 2
16 12750000 12824999 3
16 12825000 12899999 6
16 12900000 12974999 2
16 12975000 13049999 3
16 13050000 13124999 2
16 13125000 13199999 6
16 13200000 13274999 2
16 13275000 13349999 1
16 13350000 13424999 1
16 13500000 13574999 1
16 13575000 13649999 6
16 13650000 13724999 6
16 13725000 13799999 5
16 13800000 13874999 7
16 13875000 13949999 10
16 13950000 14024999 1
16 14025000 14099999 4
16 14100000 14174999 1
16 14175000 14249999 1
16 14250000 14324999 3
16 14325000 14399999 7
16 14400000 14474999 3
16 14475000 14549999 1
16 14550000 14624999 1
16 14775000 14849999 2
16 14850000 14924999 3
16 14925000 14999999 7
16 1.5e+07 15074999 2
16 15075000 15149999 1
16 15225000 15299999 1
16 15300000 15374999 2
16 15375000 15449999 3
16 15450000 15524999 4
16 15525000 15599999 3
16 15600000 15674999 2
16 15675000 15749999 3
16 15750000 15824999 8
16 15825000 15899999 3
16 15900000 15974999 2
16 15975000 16049999 4
16 16050000 16124999 8
16 16125000 16199999 1
16 16200000 16274999 4
16 16275000 16349999 4
16 16350000 16424999 1
16 16425000 16499999 4
16 16500000 16574999 7
16 16575000 16649999 2
16 16650000 16724999 3
16 16725000 16799999 1
16 16875000 16949999 4
16 16950000 17024999 3
16 17025000 17099999 3
16 17100000 17174999 2
16 17175000 17249999 4
16 17250000 17324999 5
16 17325000 17399999 3
16 17400000 17474999 15
16 17475000 17549999 7
16 17550000 17624999 2
16 17625000 17699999 7
16 17700000 17774999 4
16 17775000 17849999 3
16 17850000 17924999 2
16 17925000 17999999 3
16 1.8e+07 18074999 5
16 18075000 18149999 1
17 1 74999 3
17 75000 149999 2
17 225000 299999 2
17 3e+05 374999 2
17 375000 449999 5
17 450000 524999 11
17 525000 599999 10
17 6e+05 674999 5
17 675000 749999 2
17 750000 824999 4
17 825000 899999 7
17 9e+05 974999 1
17 975000 1049999 4
17 1050000 1124999 6
17 1125000 1199999 6
17 1200000 1274999 5
17 1275000 1349999 7
17 1350000 1424999 10
17 1425000 1499999 5
17 1500000 1574999 6
17 1575000 1649999 4
17 1650000 1724999 6
17 1725000 1799999 9
17 1800000 1874999 12
17 1875000 1949999 4
17 1950000 2024999 1
17 2100000 2174999 1
17 2175000 2249999 2
17 2250000 2324999 2
17 2400000 2474999 4
17 2475000 2549999 8
17 2550000 2624999 3
17 2625000 2699999 7
17 2775000 2849999 4
17 2850000 2924999 2
17 2925000 2999999 6
17 3e+06 3074999 3
17 3150000 3224999 4
17 3225000 3299999 3
17 3300000 3374999 6
17 3375000 3449999 9
17 3450000 3524999 8
17 3600000 3674999 2
17 3675000 3749999 5
17 3750000 3824999 1
17 3825000 3899999 5
17 3900000 3974999 8
17 3975000 4049999 1
17 4050000 4124999 3
17 4125000 4199999 6
17 4200000 4274999 3
17 4350000 4424999 1
17 4500000 4574999 4
17 4575000 4649999 2
17 4650000 4724999 1
17 4725000 4799999 3
17 4800000 4874999 2
17 4875000 4949999 6
17 4950000 5024999 6
17 5025000 5099999 3
17 5100000 5174999 3
17 5175000 5249999 1
17 5250000 5324999 3
17 5325000 5399999 4
17 5400000 5474999 4
17 5475000 5549999 8
17 5550000 5624999 4
17 5625000 5699999 2
17 5700000 5774999 5
17 5775000 5849999 3
17 5850000 5924999 1
17 5925000 5999999 1
17 6e+06 6074999 7
17 6075000 6149999 2
17 6150000 6224999 4
17 6225000 6299999 7
17 6300000 6374999 5
17 6375000 6449999 6
17 6450000 6524999 3
17 6600000 6674999 1
17 6675000 6749999 3
17 6750000 6824999 9
17 6825000 6899999 3
17 6900000 6974999 3
17 6975000 7049999 3
17 7050000 7124999 4
17 7125000 7199999 2
17 7200000 7274999 2
17 7350000 7424999 4
17 7425000 7499999 3
17 7500000 7574999 1
17 7725000 7799999 5
17 7800000 7874999 3
17 7875000 7949999 13
17 7950000 8024999 4
17 8025000 8099999 5
17 8100000 8174999 3
17 8325000 8399999 1
17 8400000 8474999 13
17 8475000 8549999 6
17 8550000 8624999 5
17 8625000 8699999 5
17 8700000 8774999 3
17 8775000 8849999 7
17 8850000 8924999 4
17 8925000 8999999 1
17 9e+06 9074999 1
17 9075000 9149999 1
17 9150000 9224999 1
17 9225000 9299999 3
17 9375000 9449999 1
17 9525000 9599999 3
17 9600000 9674999 1
17 9675000 9749999 7
17 9750000 9824999 3
17 9825000 9899999 9
17 9900000 9974999 7
17 9975000 10049999 6
17 10200000 10274999 3
17 10275000 10349999 3
17 10350000 10424999 2
17 10425000 10499999 4
17 10500000 10574999 7
17 10575000 10649999 11
17 10650000 10724999 9
17 10725000 10799999 4
17 10800000 10874999 4
17 10875000 10949999 5
17 10950000 11024999 5
17 11025000 11099999 3
17 11100000 11174999 2
17 11175000 11249999 4
17 11250000 11324999 4
17 11325000 11399999 1
17 11400000 11474999 5
17 11475000 11549999 1
17 11550000 11624999 1
17 11625000 11699999 8
17 11700000 11774999 2
17 11850000 11924999 2
17 11925000 11999999 6
17 1.2e+07 12074999 4
17 12075000 12149999 3
17 12150000 12224999 3
17 12225000 12299999 7
17 12300000 12374999 2
17 12375000 12449999 6
17 12450000 12524999 2
17 12525000 12599999 7
17 12600000 12674999 10
17 12675000 12749999 2
17 12750000 12824999 2
17 13050000 13124999 1
17 13125000 13199999 4
17 13200000 13274999 2
17 13425000 13499999 1
17 13575000 13649999 1
17 13650000 13724999 1
17 13725000 13799999 3
17 13800000 13874999 4
17 13950000 14024999 1
17 14025000 14099999 3
17 14100000 14174999 5
17 14175000 14249999 5
17 14325000 14399999 2
17 14400000 14474999 7
17 14475000 14549999 7
17 14550000 14624999 6
18 1 74999 1
18 75000 149999 3
18 150000 224999 1
18 225000 299999 2
18 3e+05 374999 1
18 375000 449999 6
18 450000 524999 1
18 6e+05 674999 2
18 675000 749999 2
18 750000 824999 2
18 825000 899999 3
18 9e+05 974999 8
18 975000 1049999 3
18 1050000 1124999 5
18 1125000 1199999 3
18 1200000 1274999 6
18 1275000 1349999 4
18 1350000 1424999 3
18 1425000 1499999 8
18 1500000 1574999 1
18 1725000 1799999 1
18 1875000 1949999 1
18 1950000 2024999 5
18 2025000 2099999 1
18 2100000 2174999 2
18 2175000 2249999 2
18 2475000 2549999 4
18 2550000 2624999 2
18 2700000 2774999 2
18 2775000 2849999 1
18 2850000 2924999 3
18 2925000 2999999 3
18 3e+06 3074999 4
18 3075000 3149999 5
18 3150000 3224999 3
18 3225000 3299999 4
18 3300000 3374999 6
18 3375000 3449999 3
18 3450000 3524999 3
18 3525000 3599999 1
18 3825000 3899999 2
18 4125000 4199999 2
18 4275000 4349999 3
18 4425000 4499999 4
18 4500000 4574999 2
18 4575000 4649999 4
18 4650000 4724999 3
18 4725000 4799999 4
18 4800000 4874999 2
18 4875000 4949999 3
18 4950000 5024999 3
18 5100000 5174999 1
18 5325000 5399999 1
18 5400000 5474999 6
18 5475000 5549999 7
18 5550000 5624999 2
18 5700000 5774999 1
18 5775000 5849999 4
18 5850000 5924999 4
18 5925000 5999999 5
18 6e+06 6074999 4
18 6075000 6149999 2
18 6150000 6224999 1
18 6225000 6299999 2
18 6300000 6374999 5
18 6375000 6449999 3
18 6450000 6524999 7
18 6525000 6599999 6
18 6600000 6674999 6
18 6675000 6749999 3
18 6750000 6824999 1
18 6825000 6899999 5
18 6975000 7049999 1
18 7050000 7124999 2
18 7200000 7274999 1
18 7275000 7349999 1
18 7350000 7424999 1
18 7425000 7499999 11
18 7500000 7574999 2
18 7575000 7649999 5
18 7650000 7724999 5
18 7800000 7874999 1
18 7875000 7949999 1
18 7950000 8024999 4
18 8100000 8174999 2
18 8175000 8249999 4
18 8250000 8324999 1
18 8325000 8399999 5
18 8400000 8474999 9
18 8475000 8549999 2
18 8550000 8624999 4
18 8625000 8699999 2
18 8700000 8774999 7
18 8775000 8849999 4
18 8850000 8924999 1
18 8925000 8999999 3
18 9e+06 9074999 6
18 9150000 9224999 3
18 9225000 9299999 6
18 9300000 9374999 8
18 9375000 9449999 8
18 9450000 9524999 9
18 9525000 9599999 5
18 9600000 9674999 6
18 9675000 9749999 4
18 9750000 9824999 2
18 9825000 9899999 7
18 9900000 9974999 3
18 9975000 10049999 1
18 10050000 10124999 5
18 10125000 10199999 5
18 10200000 10274999 5
18 10275000 10349999 8
18 10350000 10424999 6
18 10425000 10499999 1
18 10500000 10574999 3
18 10575000 10649999 3
18 10650000 10724999 9
18 10725000 10799999 6
18 10800000 10874999 5
18 10875000 10949999 6
18 10950000 11024999 5
18 11025000 11099999 5
18 11100000 11174999 5
18 11175000 11249999 6
18 11250000 11324999 1
18 11325000 11399999 1
18 11400000 11474999 2
18 11475000 11549999 5
18 11550000 11624999 3
18 11625000 11699999 6
18 11700000 11774999 9
18 11775000 11849999 3
18 11850000 11924999 2
18 12075000 12149999 2
18 12150000 12224999 6
18 12225000 12299999 6
18 12300000 12374999 3
18 12375000 12449999 5
18 12450000 12524999 5
18 12525000 12599999 4
18 12600000 12674999 9
18 12675000 12749999 3
18 12750000 12824999 5
18 12825000 12899999 8
18 12900000 12974999 3
18 12975000 13049999 1
18 13050000 13124999 2
18 13125000 13199999 3
18 13200000 13274999 7
18 13275000 13349999 7
18 13350000 13424999 12
18 13425000 13499999 5
18 13575000 13649999 5
18 13725000 13799999 9
18 13800000 13874999 1
18 13950000 14024999 3
18 14025000 14099999 7
18 14100000 14174999 1
18 14175000 14249999 3
18 14250000 14324999 3
18 14325000 14399999 5
18 14400000 14474999 9
18 14475000 14549999 5
18 14550000 14624999 1
18 14625000 14699999 1
18 14700000 14774999 6
18 14775000 14849999 4
18 14850000 14924999 1
18 14925000 14999999 3
18 1.5e+07 15074999 8
18 15075000 15149999 8
18 15150000 15224999 4
18 15225000 15299999 4
18 15300000 15374999 4
18 15375000 15449999 4
18 15450000 15524999 7
18 15525000 15599999 10
18 15600000 15674999 5
18 15675000 15749999 7
18 15750000 15824999 10
18 15825000 15899999 4
18 15900000 15974999 7
18 15975000 16049999 7
18 16050000 16124999 7
18 16125000 16199999 8
18 16200000 16274999 6
19 1 74999 1
19 75000 149999 2
19 150000 224999 2
19 375000 449999 12
19 450000 524999 9
19 525000 599999 8
19 6e+05 674999 7
19 675000 749999 9
19 750000 824999 3
19 825000 899999 2
19 9e+05 974999 7
19 975000 1049999 3
19 1050000 1124999 1
19 1125000 1199999 4
19 1200000 1274999 4
19 1275000 1349999 3
19 1350000 1424999 2
19 1425000 1499999 5
19 1500000 1574999 4
19 1575000 1649999 2
19 1650000 1724999 5
19 1725000 1799999 9
19 1800000 1874999 1
19 2025000 2099999 1
19 2100000 2174999 2
19 2175000 2249999 11
19 2250000 2324999 14
19 2325000 2399999 11
19 2400000 2474999 4
19 2475000 2549999 4
19 2550000 2624999 2
19 2625000 2699999 1
19 2700000 2774999 2
19 2775000 2849999 2
19 2850000 2924999 2
19 2925000 2999999 5
19 3e+06 3074999 3
19 3075000 3149999 7
19 3150000 3224999 4
19 3225000 3299999 4
19 3300000 3374999 1
19 3450000 3524999 1
19 3525000 3599999 1
19 3600000 3674999 2
19 3675000 3749999 2
19 3750000 3824999 1
19 3900000 3974999 2
19 4050000 4124999 1
19 4200000 4274999 1
19 4275000 4349999 3
19 4350000 4424999 3
19 4425000 4499999 4
19 4500000 4574999 2
19 4575000 4649999 6
19 4650000 4724999 1
19 4725000 4799999 2
19 4800000 4874999 4
19 4875000 4949999 2
19 4950000 5024999 3
19 5025000 5099999 6
19 5100000 5174999 4
19 5175000 5249999 1
19 5250000 5324999 2
19 5325000 5399999 4
19 5400000 5474999 2
19 5475000 5549999 4
19 5625000 5699999 5
19 5700000 5774999 1
19 5775000 5849999 1
19 5925000 5999999 8
19 6e+06 6074999 6
19 6075000 6149999 9
19 6150000 6224999 5
19 6225000 6299999 8
19 6300000 6374999 5
19 6375000 6449999 9
19 6450000 6524999 2
19 6525000 6599999 14
19 6600000 6674999 4
19 6675000 6749999 4
19 6750000 6824999 1
19 6825000 6899999 14
19 6900000 6974999 5
19 6975000 7049999 6
19 7050000 7124999 9
19 7125000 7199999 3
19 7200000 7274999 7
19 7275000 7349999 5
19 7350000 7424999 10
19 7425000 7499999 6
19 7500000 7574999 5
19 7575000 7649999 9
19 7650000 7724999 10
19 7725000 7799999 6
19 7800000 7874999 2
19 7875000 7949999 2
19 7950000 8024999 4
19 8025000 8099999 6
19 8100000 8174999 6
19 8175000 8249999 7
19 8250000 8324999 3
19 8325000 8399999 4
19 8400000 8474999 5
19 8475000 8549999 8
19 8550000 8624999 4
19 8625000 8699999 2
19 8700000 8774999 5
19 8775000 8849999 5
19 8850000 8924999 6
19 8925000 8999999 8
19 9e+06 9074999 4
19 9075000 9149999 10
19 9150000 9224999 6
19 9225000 9299999 9
19 9300000 9374999 5
19 9375000 9449999 4
19 9450000 9524999 7
19 9525000 9599999 8
19 9600000 9674999 4
19 9675000 9749999 2
19 9750000 9824999 5
19 9825000 9899999 3
19 9900000 9974999 7
19 9975000 10049999 6
19 10050000 10124999 8
19 10125000 10199999 4
19 10200000 10274999 3
19 10275000 10349999 2
19 10350000 10424999 6
19 10425000 10499999 2
19 10500000 10574999 1
19 10575000 10649999 5
19 10725000 10799999 2
19 10800000 10874999 2
19 10875000 10949999 4
19 10950000 11024999 3
19 11025000 11099999 5
19 11100000 11174999 6
19 11175000 11249999 4
19 11250000 11324999 2
19 11325000 11399999 3
19 11475000 11549999 3
19 11550000 11624999 1
19 11625000 11699999 3
19 11700000 11774999 7
19 11775000 11849999 2
19 11850000 11924999 5
19 11925000 11999999 9
19 1.2e+07 12074999 7
19 12075000 12149999 6
19 12150000 12224999 2
19 12375000 12449999 3
19 12450000 12524999 5
19 12525000 12599999 4
19 12600000 12674999 3
19 12675000 12749999 6
19 12750000 12824999 3
19 12825000 12899999 4
19 12900000 12974999 6
19 12975000 13049999 9
19 13050000 13124999 2
19 13125000 13199999 2
19 13200000 13274999 5
19 13275000 13349999 2
19 13350000 13424999 3
19 13425000 13499999 8
19 13500000 13574999 1
19 13575000 13649999 2
19 13725000 13799999 4
19 13800000 13874999 5
19 13875000 13949999 1
19 13950000 14024999 2
19 14025000 14099999 4
19 14100000 14174999 1
19 14250000 14324999 1
19 14475000 14549999 4
19 14550000 14624999 6
19 14625000 14699999 7
19 14850000 14924999 5
19 14925000 14999999 6
19 1.5e+07 15074999 6
19 15075000 15149999 8
19 15150000 15224999 8
19 15225000 15299999 4
19 15300000 15374999 11
19 15375000 15449999 4
19 15450000 15524999 6
19 15600000 15674999 1
19 15675000 15749999 7
19 15750000 15824999 5
19 15825000 15899999 1
19 15900000 15974999 9
19 16050000 16124999 5
19 16125000 16199999 1
19 16200000 16274999 2
19 16275000 16349999 2
19 16350000 16424999 2
19 16425000 16499999 1
19 16500000 16574999 4
19 16575000 16649999 8
19 16650000 16724999 9
19 16725000 16799999 4
19 16800000 16874999 5
19 16875000 16949999 4
19 16950000 17024999 3
19 17025000 17099999 1
19 17250000 17324999 1
19 17400000 17474999 1
19 17475000 17549999 7
19 17550000 17624999 4
19 17625000 17699999 1
19 17700000 17774999 1
19 17775000 17849999 7
19 17850000 17924999 3
19 17925000 17999999 1
19 1.8e+07 18074999 5
19 18075000 18149999 1
19 18150000 18224999 1
19 18225000 18299999 3
19 18300000 18374999 1
19 18375000 18449999 1
19 18450000 18524999 4
19 18525000 18599999 1
19 18600000 18674999 3
19 18675000 18749999 6
19 18750000 18824999 6
19 18825000 18899999 4
19 18900000 18974999 3
19 18975000 19049999 2
19 19050000 19124999 1
19 19425000 19499999 4
19 19500000 19574999 6
19 19575000 19649999 8
19 19650000 19724999 6
19 19725000 19799999 10
19 19800000 19874999 2
19 19875000 19949999 2
19 19950000 20024999 6
19 20025000 20099999 3
19 20100000 20174999 3
19 20175000 20249999 3
20 1 74999 4
20 75000 149999 6
20 150000 224999 2
20 225000 299999 5
20 3e+05 374999 6
20 375000 449999 8
20 450000 524999 6
20 525000 599999 6
20 6e+05 674999 9
20 675000 749999 6
20 750000 824999 4
20 825000 899999 6
20 975000 1049999 2
20 1125000 1199999 1
20 1275000 1349999 7
20 1350000 1424999 2
20 1425000 1499999 1
20 1500000 1574999 3
20 1575000 1649999 1
20 1725000 1799999 5
20 1800000 1874999 4
20 1875000 1949999 2
20 1950000 2024999 4
20 2025000 2099999 3
20 2100000 2174999 7
20 2175000 2249999 4
20 2250000 2324999 7
20 2325000 2399999 4
20 2400000 2474999 5
20 2475000 2549999 3
20 2550000 2624999 4
20 2700000 2774999 2
20 2850000 2924999 3
20 3e+06 3074999 6
20 3150000 3224999 2
20 3225000 3299999 4
20 3300000 3374999 5
20 3375000 3449999 2
20 3450000 3524999 3
20 3525000 3599999 3
20 3600000 3674999 4
20 3675000 3749999 1
20 3750000 3824999 2
20 3825000 3899999 3
20 3900000 3974999 3
20 3975000 4049999 2
20 4050000 4124999 4
20 4200000 4274999 1
20 4350000 4424999 3
20 4425000 4499999 2
20 4500000 4574999 1
20 4575000 4649999 2
20 4650000 4724999 2
20 4725000 4799999 1
20 4800000 4874999 1
20 4950000 5024999 8
20 5025000 5099999 9
20 5100000 5174999 3
20 5175000 5249999 4
20 5250000 5324999 2
20 5325000 5399999 1
20 5400000 5474999 3
20 5550000 5624999 10
20 5625000 5699999 5
20 5700000 5774999 1
20 5775000 5849999 2
20 5925000 5999999 2
20 6e+06 6074999 3
20 6075000 6149999 1
20 6150000 6224999 3
20 6225000 6299999 2
20 6300000 6374999 3
20 6450000 6524999 2
20 6525000 6599999 3
20 6750000 6824999 1
20 6825000 6899999 1
20 6900000 6974999 2
20 6975000 7049999 2
20 7200000 7274999 1
20 7275000 7349999 1
20 7500000 7574999 3
20 7575000 7649999 4
20 7650000 7724999 3
20 7725000 7799999 4
20 7800000 7874999 4
20 7875000 7949999 8
20 7950000 8024999 2
20 8025000 8099999 6
20 8100000 8174999 12
20 8175000 8249999 5
20 8250000 8324999 4
20 8400000 8474999 1
20 8475000 8549999 2
20 8550000 8624999 7
20 8625000 8699999 5
20 8700000 8774999 6
20 8775000 8849999 3
20 8850000 8924999 8
20 8925000 8999999 5
20 9e+06 9074999 1
20 9075000 9149999 3
20 9150000 9224999 6
20 9225000 9299999 9
20 9300000 9374999 2
20 9375000 9449999 3
20 9450000 9524999 3
20 9525000 9599999 7
20 9600000 9674999 5
20 9675000 9749999 9
20 9750000 9824999 7
20 9825000 9899999 5
20 9900000 9974999 6
20 9975000 10049999 6
20 10050000 10124999 9
20 10125000 10199999 4
20 10200000 10274999 4
20 10275000 10349999 8
20 10425000 10499999 2
20 10500000 10574999 4
20 10575000 10649999 4
20 10650000 10724999 10
20 10725000 10799999 6
20 10800000 10874999 7
20 10875000 10949999 7
20 10950000 11024999 2
20 11025000 11099999 5
20 11100000 11174999 1
20 11175000 11249999 1
20 11250000 11324999 4
20 11325000 11399999 5
20 11400000 11474999 5
20 11475000 11549999 7
20 11550000 11624999 10
20 11625000 11699999 10
20 11700000 11774999 7
20 11775000 11849999 11
20 11850000 11924999 8
20 11925000 11999999 5
20 1.2e+07 12074999 8
20 12075000 12149999 9
20 12150000 12224999 3
20 12225000 12299999 2
20 12300000 12374999 8
20 12375000 12449999 10
20 12450000 12524999 9
20 12525000 12599999 5
20 12600000 12674999 8
20 12675000 12749999 3
20 12750000 12824999 5
20 12825000 12899999 6
20 12900000 12974999 8
20 12975000 13049999 6
20 13050000 13124999 2
20 13125000 13199999 3
20 13200000 13274999 6
20 13275000 13349999 7
20 13350000 13424999 9
20 13425000 13499999 5
20 13500000 13574999 8
20 13575000 13649999 6
20 13650000 13724999 4
20 13725000 13799999 3
20 13875000 13949999 6
20 13950000 14024999 4
20 14025000 14099999 3
20 14100000 14174999 2
20 14175000 14249999 4
20 14250000 14324999 3
20 14325000 14399999 4
20 14400000 14474999 5
20 14475000 14549999 2
20 14550000 14624999 2
20 14625000 14699999 2
20 14700000 14774999 3
20 14775000 14849999 1
20 14850000 14924999 7
20 14925000 14999999 4
20 1.5e+07 15074999 1
20 15075000 15149999 2
20 15150000 15224999 1
20 15300000 15374999 3
20 15375000 15449999 5
20 15450000 15524999 6
20 15525000 15599999 1
20 15600000 15674999 3
20 15675000 15749999 5
20 15750000 15824999 4
20 15825000 15899999 4
20 15900000 15974999 3
20 15975000 16049999 9
20 16050000 16124999 5
20 16125000 16199999 4
20 16200000 16274999 6
20 16275000 16349999 4
20 16350000 16424999 4
20 16425000 16499999 1
20 16500000 16574999 1
20 16575000 16649999 1
20 16650000 16724999 2
20 16725000 16799999 2
20 16875000 16949999 7
20 16950000 17024999 4
20 17100000 17174999 1
20 17175000 17249999 3
20 17250000 17324999 7
20 17325000 17399999 4
20 17400000 17474999 3
20 17475000 17549999 1
20 17700000 17774999 10
20 17775000 17849999 7
20 17850000 17924999 3
20 17925000 17999999 5
20 1.8e+07 18074999 4
20 18075000 18149999 3
20 18150000 18224999 3
20 18300000 18374999 1
20 18600000 18674999 1
20 18675000 18749999 1
20 18750000 18824999 2
20 18825000 18899999 2
20 18900000 18974999 1
20 18975000 19049999 1
20 19125000 19199999 2
20 19350000 19424999 1
20 19650000 19724999 1
21 1 74999 2
21 75000 149999 2
21 225000 299999 2
21 3e+05 374999 2
21 525000 599999 2
21 6e+05 674999 1
21 675000 749999 2
21 750000 824999 2
21 825000 899999 1
21 975000 1049999 1
21 1275000 1349999 2
21 1350000 1424999 1
21 1500000 1574999 1
21 1575000 1649999 1
21 1650000 1724999 1
21 1800000 1874999 2
21 1875000 1949999 7
21 1950000 2024999 5
21 2025000 2099999 9
21 2100000 2174999 2
21 2175000 2249999 2
21 2250000 2324999 2
21 2325000 2399999 1
21 2475000 2549999 2
21 2550000 2624999 1
21 2625000 2699999 3
21 2700000 2774999 7
21 2775000 2849999 1
21 2925000 2999999 2
21 3e+06 3074999 10
21 3075000 3149999 4
21 3375000 3449999 3
21 3750000 3824999 6
21 3825000 3899999 3
21 3900000 3974999 2
21 4200000 4274999 1
21 4275000 4349999 7
21 4350000 4424999 2
21 4500000 4574999 1
21 4575000 4649999 5
21 4650000 4724999 6
21 4875000 4949999 1
21 4950000 5024999 1
21 5100000 5174999 4
21 5175000 5249999 4
21 5250000 5324999 1
21 5325000 5399999 1
21 5400000 5474999 1
21 5475000 5549999 1
21 5550000 5624999 7
21 5625000 5699999 4
21 5700000 5774999 4
21 5775000 5849999 3
21 5850000 5924999 2
21 5925000 5999999 6
21 6e+06 6074999 4
21 6150000 6224999 3
21 6225000 6299999 2
21 6375000 6449999 4
21 6450000 6524999 2
21 6525000 6599999 5
21 6600000 6674999 8
21 6675000 6749999 2
21 6750000 6824999 2
21 6825000 6899999 1
21 6900000 6974999 4
21 6975000 7049999 2
21 7050000 7124999 2
21 7125000 7199999 3
21 7200000 7274999 8
21 7275000 7349999 7
21 7350000 7424999 2
21 7425000 7499999 6
21 7500000 7574999 9
21 7575000 7649999 10
21 7650000 7724999 3
21 7725000 7799999 7
21 7800000 7874999 6
21 7875000 7949999 6
21 7950000 8024999 5
21 8025000 8099999 8
21 8100000 8174999 3
21 8175000 8249999 4
21 8250000 8324999 4
21 8325000 8399999 2
21 8400000 8474999 2
21 8550000 8624999 1
21 8625000 8699999 7
21 8700000 8774999 3
21 8775000 8849999 2
21 8850000 8924999 2
21 8925000 8999999 5
21 9e+06 9074999 2
21 9075000 9149999 6
21 9150000 9224999 2
21 9225000 9299999 5
21 9300000 9374999 2
21 9375000 9449999 9
21 9450000 9524999 8
21 9525000 9599999 6
21 9600000 9674999 8
21 9675000 9749999 6
21 9750000 9824999 3
21 9825000 9899999 1
21 9900000 9974999 5
21 9975000 10049999 5
21 10050000 10124999 7
21 10125000 10199999 3
21 10200000 10274999 4
21 10275000 10349999 2
21 10350000 10424999 1
21 10425000 10499999 1
21 10500000 10574999 2
21 10575000 10649999 4
21 10650000 10724999 4
21 10800000 10874999 3
21 10875000 10949999 7
21 10950000 11024999 5
21 11025000 11099999 3
21 11100000 11174999 4
21 11175000 11249999 7
21 11250000 11324999 4
21 11325000 11399999 5
21 11400000 11474999 4
21 11475000 11549999 4
21 11550000 11624999 1
21 11625000 11699999 5
21 11700000 11774999 1
