chr pos1 pos2 chr1_old pos1_old chr2_old pos2_old recomb_rate
1 135021 405062 1 405062 1 135021 1.5331005291789e-06
1 807195 1060705 1 667837 1 921347 3.64285432527316e-06
1 1060705 1312272 1 921347 1 1172914 1.0080813461225e-05
1 1312272 1559895 1 1172914 1 1420537 6.15855554613263e-06
1 2270340 2758012 1 1789185 1 2276857 1.428214045506e-05
1 2758012 3245684 1 2276857 1 2764529 1.51074902803524e-05
1 3245684 3733356 1 2764529 1 3252201 8.4083154251218e-06
1 3733356 4221028 1 3252201 1 3739873 6.85911842385866e-06
1 4221028 4708700 1 3739873 1 4227545 7.40456700405191e-06
1 4708700 5196372 1 4227545 1 4715217 2.96920881248052e-06
1 5196372 5684044 1 4715217 1 5202889 2.41658327728473e-06
1 5684044 6171716 1 5202889 1 5690561 3.002017749635e-06
1 6171716 6666300 1 5690561 1 6185145 1.95821134529221e-06
1 6666300 7165796 1 6185145 1 6684641 1.03404231465316e-06
1 7165796 7665292 1 6684641 1 7184137 1.46247417396736e-06
1 7665292 8164788 1 7184137 1 7683633 1.09810689174688e-06
1 8164788 8664284 1 7683633 1 8183129 1.4214328042667e-06
1 8664284 9163780 1 8183129 1 8682625 1.20921889264378e-06
1 9163780 9663276 1 8682625 1 9182121 3.47350128929956e-07
1 9663276 10162772 1 9182121 1 9681617 3.21323894485639e-07
1 10162772 10662268 1 9681617 1 10181113 1.18119064016531e-07
1 10662268 11161764 1 10181113 1 10680609 1.70071432003459e-06
1 11161764 11661260 1 10680609 1 11180105 1.2913016320451e-06
1 11661260 12160756 1 11180105 1 11679601 3.54857696558131e-06
1 12160756 12660253 1 11679601 1 12179098 2.23224563911294e-07
1 12660253 13159750 1 12179098 1 12678595 2.96298075864319e-07
1 13159750 13659247 1 12678595 1 13178092 1.05005635669483e-06
1 13659247 14158744 1 13178092 1 13677589 1.91692843000059e-06
1 14158744 14658241 1 13677589 1 14177086 2.43845308380231e-06
1 14658241 15157738 1 14177086 1 14676583 9.22928466036844e-07
1 15157738 15657235 1 14676583 1 15176080 3.02304117942657e-07
1 15657235 16156732 1 15176080 1 15675577 1.61162129101876e-06
1 16156732 16656229 1 15675577 1 16175074 1.18819532449645e-06
1 16656229 17155726 1 16175074 1 16674571 3.05307138981817e-06
1 17155726 17655223 1 16674571 1 17174068 2.35937352977094e-06
1 17655223 18154720 1 17174068 1 17673565 5.06509548605898e-07
1 18154720 18654217 1 17673565 1 18173062 2.36838259288845e-06
1 18654217 19153714 1 18173062 1 18672559 1.26327085047559e-06
1 19153714 19653211 1 18672559 1 19172056 1.65666660660625e-06
1 19653211 20152708 1 19172056 1 19671553 6.60664628616413e-08
1 20940215 21431411 1 27044631 1 26553435 1.48820430133797e-06
1 21431411 21922607 1 26553435 1 26062239 2.4939128168796e-06
1 21922607 22413802 1 26062239 1 25571044 3.54848888934129e-06
1 22413802 22904997 1 25571044 1 25079849 1.17265037306976e-06
1 22904997 23396192 1 25079849 1 24588654 4.63359765469925e-06
1 23396192 23887387 1 24588654 1 24097459 4.92676024796678e-07
1 23887387 24378582 1 24097459 1 23606264 3.58513421349972e-06
1 24378582 24869777 1 23606264 1 23115069 1.4688667433504e-06
1 24869777 25360972 1 23115069 1 22623874 2.18955811846619e-06
1 25360972 25852167 1 22623874 1 22132679 6.68064617921599e-06
1 25852167 26343362 1 22132679 1 21641484 7.91946172090527e-07
1 26343362 26834557 1 21641484 1 21150289 3.76937875996295e-06
1 26834557 27325752 1 21150289 1 20659094 6.38544773460642e-06
1 27325752 27816947 1 20659094 1 20167899 1.18374576288439e-05
1 28896749 29196315 1 28036132 1 27736566 2.87248886722791e-06
2 653979 1136783 2 724206 2 241402 1.5668884267736e-06
2 1136783 1628129 2 241402 2 1215552 1.11530367602463e-06
2 1628129 2126018 2 1215552 2 1713441 1.95726356677894e-06
2 2126018 2623907 2 1713441 2 2211330 3.02778330109723e-06
2 2623907 3121796 2 2211330 2 2709219 5.913968776173e-06
2 3121796 3619685 2 2709219 2 3207108 1.0791561974657e-05
2 3619685 4117574 2 3207108 2 3704997 7.08892946018088e-06
2 4117574 4615463 2 3704997 2 4202886 7.31689191767643e-06
2 4615463 5113352 2 4202886 2 4700775 2.95949498783865e-06
2 5113352 5611241 2 4700775 2 5198664 3.29189839502379e-06
2 5611241 6109130 2 5198664 2 5696553 2.40716304236486e-06
2 6109130 6607019 2 5696553 2 6194442 3.42546230183836e-06
2 6607019 7104908 2 6194442 2 6692331 2.29870513307183e-06
2 7104908 7602797 2 6692331 2 7190220 9.49006706314062e-07
2 7602797 8100686 2 7190220 2 7688109 9.53023665917509e-07
2 8100686 8598575 2 7688109 2 8185998 1.91106853133932e-06
2 8598575 9096464 2 8185998 2 8683887 7.60209604952106e-07
2 9096464 9594353 2 8683887 2 9181776 4.740012332066e-07
2 9594353 10092242 2 9181776 2 9679665 1.24124051746474e-06
2 10092242 10590131 2 9679665 2 10177554 4.7701395290918e-07
2 10590131 11088020 2 10177554 2 10675443 4.27806197766974e-07
2 11088020 11585909 2 10675443 2 11173332 1.01126958016746e-06
2 11585909 12083798 2 11173332 2 11671221 6.33675377443571e-07
2 12083798 12581688 2 11671221 2 12169111 3.39432404748034e-07
2 12581688 13079578 2 12169111 2 12667001 5.63377452851028e-07
2 13079578 13577468 2 12667001 2 13164891 6.86898712567034e-07
2 13577468 14075358 2 13164891 2 13662781 1.4260177950953e-07
2 14075358 14573248 2 13662781 2 14160671 4.29813814296331e-07
2 14573248 15071138 2 14160671 2 14658561 3.92657012593145e-07
2 15071138 15569028 2 14658561 2 15156451 3.30394263793208e-07
2 15569028 16066918 2 15156451 2 15654341 4.57932475044692e-07
2 16066918 16564808 2 15654341 2 16152231 9.1084376067002e-07
2 16564808 17062698 2 16152231 2 16650121 1.84578923055294e-06
2 17062698 17560588 2 16650121 2 17148011 1.59874671112093e-06
2 17560588 18058478 2 17148011 2 17645901 4.13344313000863e-06
2 18058478 18556368 2 17645901 2 18143791 2.40314125610075e-06
2 18556368 19054258 2 18143791 2 18641681 7.56894093072767e-06
2 19054258 19552148 2 18641681 2 19139571 6.48335977826428e-06
2 19552148 20050038 2 19139571 2 19637461 9.86462873325433e-06
2 20050038 20547928 2 19637461 2 20135351 1.11801803611239e-05
2 20547928 21045818 2 20135351 2 20633241 1.81415573721103e-05
2 21045818 21543708 2 20633241 2 21131131 1.99702745586375e-05
2 21543708 22041598 2 21131131 2 21629021 1.22768081303099e-05
2 22041598 22539488 2 21629021 2 22126911 7.67539014641788e-06
2 22539488 22906050 2 22126911 2 22945802 5.48201941281419e-06
2 22906050 23139283 2 22945802 2 23179035 4.95212941564873e-06
2 23139283 23369733 2 23179035 2 22715353 9.35126925580381e-07
2 23369733 23595397 2 22715353 2 22489689 1.60415484968804e-06
3 233471 700414 3 233471 3 700414 4.51125726266375e-06
3 700414 1167357 3 700414 3 1167357 1.17765980001842e-05
3 1167357 1634300 3 1167357 3 1634300 9.34375287776024e-06
3 1634300 2101243 3 1634300 3 2101243 7.11650030089326e-06
3 2101243 2568186 3 2101243 3 2568186 3.19632160670574e-06
3 2568186 3035129 3 2568186 3 3035129 1.99274857959108e-06
3 3035129 3515678 3 3035129 3 3515678 5.16076404279271e-07
3 3515678 4007833 3 3515678 3 4007833 1.7270981702919e-07
3 4007833 4499988 3 4007833 3 4499988 2.31532748829129e-06
3 4499988 4992143 3 4499988 3 4992143 1.72709817029188e-06
3 4992143 5484298 3 4992143 3 5484298 5.59782995194603e-07
3 5484298 5976453 3 5484298 3 5976453 5.12033810486531e-07
3 5976453 6468608 3 5976453 3 6468608 1.15410795379505e-06
3 6468608 6960764 3 6468608 3 6960764 1.44974357723974e-06
3 6960764 7452920 3 6960764 3 7452920 1.42028137419843e-06
3 7452920 7945076 3 7452920 3 7945076 2.7917977226733e-06
3 7945076 8437232 3 7945076 3 8437232 1.75655686408374e-06
3 8437232 8929388 3 8437232 3 8929388 1.52898674404051e-06
3 8929388 9421544 3 8929388 3 9421544 1.47107827599379e-06
3 9421544 9913700 3 9421544 3 9913700 1.20185469647835e-06
3 9913700 10405856 3 9913700 3 10405856 1.34611789757719e-06
3 10405856 10898012 3 10405856 3 10898012 5.93307812969875e-07
3 10898012 11390168 3 10898012 3 11390168 2.05930639878412e-06
3 11390168 11882324 3 11390168 3 11882324 1.97701541787563e-06
3 11882324 12374480 3 11882324 3 12374480 3.32618112956055e-06
3 12374480 12866636 3 12374480 3 12866636 2.85478588089955e-06
3 12866636 13358792 3 12866636 3 13358792 2.76131958159608e-06
3 13358792 13850948 3 13358792 3 13850948 5.72582677037362e-06
3 13850948 14257756 3 13850948 3 14257756 5.60829678865706e-06
3 14257756 14577217 3 14257756 3 14577217 4.68758314786468e-06
3 15027433 15295866 3 14872163 3 15140596 1.28709957419542e-05
3 16145695 16526368 3 15846822 3 16227495 1.25488279967321e-05
3 16526368 16907042 3 16227495 3 16608169 2.27727661988998e-05
4 178146 534438 4 178146 4 534438 6.16488722733039e-06
4 534438 890730 4 534438 4 890730 2.87685381653251e-06
4 890730 1095741 4 890730 4 1095741 9.02878382135593e-06
4 1419998 1911326 4 1419998 4 1911326 9.84372964699753e-06
4 1911326 2402654 4 1911326 4 2402654 1.13620636316269e-05
4 2402654 2893982 4 2402654 4 2893982 1.20489774651557e-05
4 2893982 3385310 4 2893982 4 3385310 1.30371157353133e-05
4 3385310 3876638 4 3385310 4 3876638 1.33922756285007e-05
4 3876638 4367966 4 3876638 4 4367966 5.90745896834702e-06
4 4367966 4859294 4 4367966 4 4859294 4.68729646997525e-06
4 4859294 5350622 4 4859294 4 5350622 2.28564217793409e-06
4 5350622 5841950 4 5350622 4 5841950 5.47495766575486e-06
4 5841950 6333278 4 5841950 4 6333278 5.82095870782858e-06
4 6333278 6824606 4 6333278 4 6824606 1.64961085059267e-06
4 6824606 7315934 4 6824606 4 7315934 1.46846912856585e-06
4 7315934 7807262 4 7315934 4 7807262 6.96072684642436e-07
4 7807262 8298591 4 7807262 4 8298591 5.94306462675726e-07
4 8298591 8789920 4 8298591 4 8789920 1.1489246513029e-06
4 8789920 9280542 4 8789920 4 9280542 3.49556277541566e-07
4 9280542 9768457 4 9280542 4 9768457 1.51050900259266e-06
4 9768457 10256372 4 9768457 4 10256372 7.17338060932747e-07
4 10256372 10744287 4 10256372 4 10744287 6.44579486180992e-07
4 10744287 11232202 4 10744287 4 11232202 1.4172550546714e-06
4 11232202 11720117 4 11232202 4 11720117 1.8333111300124e-06
4 11720117 12208032 4 11720117 4 12208032 6.56876710082697e-07
4 12208032 12695947 4 12208032 4 12695947 8.67979053728629e-07
4 12695947 13183862 4 12695947 4 13183862 1.26661406187553e-06
4 13183862 13671777 4 13183862 4 13671777 7.31684822151405e-07
4 13671777 14159692 4 13671777 4 14159692 1.95423383171249e-06
4 14159692 14647607 4 14159692 4 14647607 1.22562331553652e-06
4 14647607 15135522 4 14647607 4 15135522 2.08642898865581e-06
4 15135522 15623437 4 15135522 4 15623437 1.5258805324698e-06
4 15623437 16111352 4 15623437 4 16111352 1.46644395027822e-06
4 16111352 16599267 4 16111352 4 16599267 1.98497689146676e-06
4 16599267 17087182 4 16599267 4 17087182 7.66526956539559e-07
4 17087182 17575098 4 17087182 4 17575098 4.64219250854658e-07
4 17575098 18054384 4 17575098 4 28121360 9.42026264067792e-07
4 18054384 18523039 4 28121360 4 27652705 2.07935474922918e-06
4 18523039 18991694 4 27652705 4 27184050 2.63520073401543e-07
4 18991694 19460349 4 27184050 4 26715395 1.51497370133691e-07
4 19460349 19929004 4 26715395 4 26246740 5.48377804568396e-07
4 19929004 20397659 4 26246740 4 25778085 2.91259028496445e-07
4 20397659 20866314 4 25778085 4 25309430 2.91259028496445e-07
4 20866314 21334969 4 25309430 4 24840775 7.36149192903123e-08
4 21334969 21803624 4 24840775 4 24372120 2.8272396539032e-07
4 21803624 22272279 4 24372120 4 23903465 3.62740182010224e-07
4 22272279 22740934 4 23903465 4 23434810 2.72055136507653e-07
4 22740934 23209588 4 23434810 4 22966156 2.35781621409394e-07
4 24040712 24531790 4 22485290 4 21994212 2.16157107424889e-06
4 24531790 25022868 4 21994212 4 21503134 1.52725228986027e-06
4 25022868 25513945 4 21503134 4 21012057 5.46757433152037e-07
4 25513945 26005022 4 21012057 4 20520980 3.10541931306088e-07
4 26005022 26496099 4 20520980 4 20029903 2.00579542515739e-07
4 26496099 26987176 4 20029903 4 19538826 5.07048792755512e-07
4 26987176 27478253 4 19538826 4 19047749 1.03344282057599e-06
4 27478253 27969330 4 19047749 4 18556672 1.90397839849963e-06
4 27969330 28460407 4 18556672 4 18065595 6.08865819413248e-07
4 28460407 28916455 4 18065595 4 28566197 6.29319720731165e-07
4 28916455 29335474 4 28566197 4 28985216 3.84708091995828e-06
4 29335474 29754493 4 28985216 4 29404235 2.65501087062877e-06
4 29754493 30173512 4 29404235 4 29823254 4.28142876576004e-06
4 30173512 30592531 4 29823254 4 30242273 7.65120436066144e-06
4 30592531 31021058 4 30242273 4 30670800 3.82472983032573e-06
4 31021058 31457091 4 30670800 4 31106833 3.45157361942791e-06
4 31457091 31893124 4 31106833 4 31542866 1.42122270562091e-05
4 31893124 32329157 4 31542866 4 31978899 1.53497556377614e-05
4 32329157 32765190 4 31978899 4 32414932 1.38361087348893e-05
5 3199720 3692076 5 7631512 5 7139156 3.10750757581913e-07
5 3692076 4184432 5 7139156 5 6646800 8.85538106573294e-07
5 4184432 4676788 5 6646800 5 6154444 1.06122399239575e-06
5 4676788 5169144 5 6154444 5 5662088 2.77644631120571e-06
5 5169144 5661500 5 5662088 5 5169732 2.17017767631551e-06
5 5661500 6153856 5 5169732 5 4677376 1.0307582318485e-06
5 6153856 6646212 5 4677376 5 4185020 8.35777364346122e-07
5 6646212 7138568 5 4185020 5 3692664 2.48803711135845e-06
5 7138568 7630924 5 3692664 5 3200308 3.35224918554867e-06
5 7630924 8123279 5 3200308 5 2707953 9.63735516040256e-07
5 8123279 8615634 5 2707953 5 2215598 2.21588081770267e-06
5 8615634 9107989 5 2215598 5 1723243 9.56626824141118e-07
5 9107989 9600344 5 1723243 5 1230888 1.27347137735984e-06
5 9600344 10092699 5 1230888 5 738533 2.86175625311005e-06
5 10092699 10585054 5 738533 5 246178 3.24867219790598e-06
5 10585054 11053685 5 246178 5 8100143 7.61366618938995e-06
5 11053685 11496592 5 8100143 5 8543050 4.18372254220412e-06
5 11496592 11939499 5 8543050 5 8985957 9.12042482959176e-06
5 11939499 12382406 5 8985957 5 9428864 3.65539492489394e-06
5 12382406 12825313 5 9428864 5 9871771 6.96195815374334e-06
5 12825313 13268220 5 9871771 5 10314678 1.74009442162802e-05
5 13268220 13605731 5 10314678 5 10882301 1.05552115338463e-05
5 13605731 13835843 5 10882301 5 10652189 1.16378111528299e-05
5 13835843 14137744 5 10652189 5 11555893 2.2078429683903e-05
5 14137744 14509434 5 11555893 5 11184203 1.42699561462509e-05
5 15107514 15212673 5 11795317 5 11900476 3.86557498644907e-06
5 15212673 15340588 5 11900476 5 12177062 3.21307118008048e-06
5 15340588 15489259 5 12177062 5 12028391 8.94929071574145e-06
6 1224100 1666478 6 663567 6 221189 5.59928387035522e-06
6 2712343 3165347 6 3830278 6 3377274 1.37636753759349e-06
6 3165347 3618351 6 3377274 6 2924270 2.21300474167999e-06
6 3618351 4071355 6 2924270 6 2471266 4.74499121420562e-06
6 4071355 4524358 6 2471266 6 2018263 2.59159431615243e-06
6 4524358 4977361 6 2018263 6 1565260 2.48011602572168e-06
6 4977361 5430364 6 1565260 6 1112257 3.4469970397547e-06
6 5430364 5905060 6 1112257 6 4304974 3.83087281123077e-06
6 5905060 6399450 6 4304974 6 4799364 3.38599081696636e-06
6 6399450 6893840 6 4799364 6 5293754 2.10865915572726e-06
6 6893840 7388230 6 5293754 6 5788144 7.69635308157525e-07
6 7388230 7882620 6 5788144 6 6282534 1.61714435971602e-06
6 7882620 8377010 6 6282534 6 6776924 1.74356277432796e-06
6 8377010 8871400 6 6776924 6 7271314 6.40182851594894e-07
6 8871400 9365790 6 7271314 6 7765704 1.01337001152936e-06
6 9365790 9860180 6 7765704 6 8260094 1.27935435587289e-06
6 9860180 10354570 6 8260094 6 8754484 5.89615485750118e-07
6 10354570 10848960 6 8754484 6 9248874 1.09225510224721e-06
6 10848960 11343350 6 9248874 6 9743264 8.64701955945711e-07
6 11343350 11837740 6 9743264 6 10237654 9.10212585206014e-07
6 11837740 12332130 6 10237654 6 10732044 1.25912740953498e-06
6 12332130 12826520 6 10732044 6 11226434 1.93167337527054e-06
6 12826520 13320910 6 11226434 6 11720824 2.02775137037561e-06
6 13320910 13815300 6 11720824 6 12215214 1.40071603390036e-06
6 13815300 14309690 6 12215214 6 12709604 2.82064766682174e-06
6 14309690 14804080 6 12709604 6 13203994 2.34632577519772e-06
6 14804080 15298470 6 13203994 6 13698384 7.30496166993669e-06
6 15298470 15792861 6 13698384 6 14192775 6.65060650375917e-06
6 15792861 16287252 6 14192775 6 14687166 7.3716956821625e-06
6 16287252 16781643 6 14687166 6 15181557 1.36723767220682e-05
6 16781643 17276034 6 15181557 6 15675948 1.56697836327927e-05
6 17276034 17770425 6 15675948 6 16170339 1.75165000981005e-05
6 17770425 18078899 6 16170339 6 16478813 1.87341558769945e-05
6 18199457 18366492 6 16599371 6 16766406 6.61538001017753e-06
6 18366492 18578005 6 16766406 6 16977919 3.72081148676437e-06
7 663917 933779 7 404794 7 134932 4.92103371352766e-06
7 933779 1166343 7 134932 7 637358 7.83010268141243e-06
7 1166343 1359610 7 637358 7 830625 1.51551998013111e-05
7 1359610 1669016 7 830625 7 1140031 1.85096604461452e-05
7 1669016 2092563 7 1140031 7 1563578 1.18074263304899e-05
7 2092563 2516110 7 1563578 7 1987125 8.03334694850867e-06
7 2516110 2969709 7 1987125 7 2440724 4.78175657353742e-06
7 2969709 3451361 7 2440724 7 2922376 8.39298912908075e-06
7 3451361 3933013 7 2922376 7 3404028 1.90656324483237e-05
7 3933013 4414665 7 3404028 7 3885680 7.243819188958e-06
7 4414665 4896317 7 3885680 7 4367332 6.33652512602461e-06
7 4896317 5379883 7 4367332 7 4850898 3.61274365856987e-06
7 5379883 5863364 7 4850898 7 5334379 2.60610034313655e-06
7 5863364 6346845 7 5334379 7 5817860 9.18340120914781e-07
7 6346845 6830326 7 5817860 7 6301341 5.04673399781997e-07
7 6830326 7313807 7 6301341 7 6784822 1.08484097617074e-06
7 7313807 7797288 7 6784822 7 7268303 6.38080917347311e-07
7 7797288 8280769 7 7268303 7 7751784 5.36732570669801e-07
7 8280769 8764250 7 7751784 7 8235265 5.38800904275453e-07
7 8764250 9247731 7 8235265 7 8718746 1.26064933265216e-06
7 9247731 9731212 7 8718746 7 9202227 1.15826681917174e-07
7 9731212 10214693 7 9202227 7 9685708 8.39743443899536e-07
7 10214693 10698174 7 9685708 7 10169189 5.21220068627321e-07
7 13310199 13801673 7 10657666 7 11149140 3.45898257079785e-08
7 14784621 15276095 7 12132088 7 12623562 7.91496600023608e-07
7 15276095 15767569 7 12623562 7 13115036 1.93296084838674e-07
7 15767569 16259043 7 13115036 7 13606510 1.95330780468543e-07
7 16259043 16750517 7 13606510 7 14097984 3.47932952709617e-07
7 16750517 17241992 7 14097984 7 14589459 2.27885446869115e-07
7 17241992 17733467 7 14589459 7 15080934 3.30637367109215e-07
7 17733467 18224942 7 15080934 7 15572409 5.99216643776379e-07
7 18224942 18716417 7 15572409 7 16063884 3.27585329874353e-07
7 18716417 19207892 7 16063884 7 16555359 1.1394272343456e-06
7 19207892 19699367 7 16555359 7 17046834 4.48649473523572e-07
7 19699367 20190842 7 17046834 7 17538309 2.0346914899028e-07
7 20190842 20682317 7 17538309 7 18029784 5.84973803347063e-07
7 20682317 21173792 7 18029784 7 18521259 4.05920952235625e-07
7 21173792 21665267 7 18521259 7 19012734 1.40597181952287e-06
7 21665267 22156742 7 19012734 7 19504209 5.44279973549007e-07
7 22156742 22648217 7 19504209 7 19995684 1.6379266493718e-07
7 22648217 23139692 7 19995684 7 20487159 1.16893026094918e-06
7 23139692 23631167 7 20487159 7 20978634 3.59123047967853e-07
7 23631167 24122642 7 20978634 7 21470109 1.50261966529325e-06
7 24122642 24614117 7 21470109 7 21961584 4.08972989470487e-07
7 24614117 25105592 7 21961584 7 22453059 1.25743934075998e-06
7 25105592 25597067 7 22453059 7 22944534 1.73559184088712e-06
7 25597067 26088542 7 22944534 7 23436009 3.19446563914746e-06
7 26088542 26580017 7 23436009 7 23927484 3.49661732539805e-06
7 26580017 27071492 7 23927484 7 24418959 5.78462790579378e-06
7 27071492 27562967 7 24418959 7 24910434 9.54473777913424e-06
7 27562967 28054442 7 24910434 7 25401909 1.14532783966631e-05
7 28054442 28545917 7 25401909 7 25893384 1.30749275141157e-05
7 28545917 29037392 7 25893384 7 26384859 2.07294368991302e-05
7 29037392 29528867 7 26384859 7 26876334 1.75166590365736e-05
7 29528867 30020342 7 26876334 7 27367809 9.25784627905793e-06
7 30608224 30769673 7 27695270 7 27856719 2.90494211794433e-06
8 1398347 1855199 8 228426 8 685278 2.37932634638789e-06
8 1855199 2312051 8 685278 8 1142130 3.05788307810845e-06
8 2312051 2764997 8 1142130 8 1595076 2.25523572346372e-06
8 2764997 3212037 8 1595076 8 2042116 6.82601109520401e-06
8 3212037 3659077 8 2042116 8 2489156 8.55292591267001e-06
8 3659077 4106118 8 2489156 8 2936197 6.83718048232712e-06
8 4106118 4553159 8 2936197 8 3383238 8.52606360490425e-06
8 4553159 5000200 8 3383238 8 3830279 5.63594838057359e-06
8 5000200 5447241 8 3830279 8 4277320 4.79821761314958e-06
8 5447241 5914967 8 4277320 8 4745046 2.09096778883363e-06
8 5914967 6401378 8 4745046 8 5231457 2.10727142272687e-06
8 6401378 6887789 8 5231457 8 5717868 2.38789829999732e-06
8 6887789 7374200 8 5717868 8 6204279 2.17305940860712e-06
8 7374200 7860611 8 6204279 8 6690690 1.75571687317927e-06
8 7860611 8347022 8 6690690 8 7177101 6.42460799611847e-07
8 8347022 8833433 8 7177101 8 7663512 1.97363957640761e-06
8 8833433 9319844 8 7663512 8 8149923 7.65813273137327e-07
8 9319844 9806255 8 8149923 8 8636334 1.02793727937898e-07
8 9806255 10292666 8 8636334 8 9122745 1.44836362664496e-06
8 10292666 10779077 8 9122745 8 9609156 4.18370472707241e-07
8 10779077 11265488 8 9609156 8 10095567 2.63151943521018e-07
8 11265488 11751899 8 10095567 8 10581978 6.9899734997769e-07
8 11751899 12238310 8 10581978 8 11068389 3.4333105131258e-07
8 12238310 12724721 8 11068389 8 11554800 3.62861859620768e-07
8 12724721 13211132 8 11554800 8 12041211 8.36740945414478e-07
8 13211132 13697543 8 12041211 8 12527622 2.95017999181761e-07
8 13697543 14183954 8 12527622 8 13014033 8.62439377398955e-07
8 14183954 14670365 8 13014033 8 13500444 1.75777274773802e-06
8 14670365 15156776 8 13500444 8 13986855 2.15661241213707e-06
8 15156776 15643187 8 13986855 8 14473266 3.52993661738735e-06
8 15643187 16129598 8 14473266 8 14959677 2.8042128981458e-06
8 16129598 16616009 8 14959677 8 15446088 5.78317513378604e-06
8 16616009 17102420 8 15446088 8 15932499 6.43385943163292e-06
8 17102420 17588831 8 15932499 8 16418910 1.17441834169046e-05
8 17588831 18075242 8 16418910 8 16905321 1.56832390714848e-05
8 18075242 18561653 8 16905321 8 17391732 1.02269479925413e-05
8 18561653 19048064 8 17391732 8 17878143 1.06679330853949e-05
8 19048064 19498059 8 17878143 8 18328138 1.5711285680952e-05
8 19498059 19909640 8 18328138 8 18739719 7.06665273664235e-06
8 19909640 20175237 8 18739719 8 19309898 8.26816567958222e-06
8 20175237 20292851 8 19309898 8 19192284 8.92750862992535e-07
8 20292851 20399149 8 19192284 8 19085986 3.61248565354005e-06
8 20399149 20492133 8 19085986 8 18993002 1.33786457885228e-05
9 239344 718032 9 239344 9 718032 4.36505615348619e-06
9 718032 1196721 9 718032 9 1196721 7.30014685944319e-06
9 1196721 1675410 9 1196721 9 1675410 1.28549016167073e-05
9 1675410 2154099 9 1675410 9 2154099 2.12267254940055e-05
9 2154099 2632788 9 2154099 9 2632788 8.54939219409679e-06
9 2632788 3111477 9 2632788 9 3111477 1.84984405323708e-06
9 3111477 3590166 9 3111477 9 3590166 1.90938166534012e-06
9 3590166 4068855 9 3590166 9 4068855 4.12585206679075e-07
9 4068855 4551789 9 4068855 9 17651601 1.2838193210666e-07
9 4551789 5036968 9 17651601 9 17166422 7.21383242061254e-08
9 5036968 5522147 9 17166422 9 16681243 1.37268925489355e-06
9 5522147 6007326 9 16681243 9 16196064 7.87338281335353e-07
9 6007326 6492505 9 16196064 9 15710885 1.39020856220075e-06
9 6492505 6977684 9 15710885 9 15225706 1.21810713159473e-06
9 6977684 7462863 9 15225706 9 14740527 6.45122727900429e-07
9 7462863 7948041 9 14740527 9 14255349 1.75090379201035e-06
9 7948041 8433219 9 14255349 9 13770171 1.60147409816604e-06
9 8433219 8918397 9 13770171 9 13284993 4.48289081532966e-07
9 8918397 9403575 9 13284993 9 12799815 8.29592438239158e-07
9 9403575 9888753 9 12799815 9 12314637 2.38469180383282e-06
9 9888753 10373931 9 12314637 9 11829459 5.61649538932101e-07
9 10373931 10859109 9 11829459 9 11344281 6.09054821117199e-07
9 10859109 11344287 9 11344281 9 10859103 1.53242727411383e-06
9 11344287 11829465 9 10859103 9 10373925 2.03121328667005e-06
9 11829465 12314643 9 10373925 9 9888747 8.58447827395298e-07
9 12314643 12799821 9 9888747 9 9403569 1.11299358173701e-06
9 12799821 13284999 9 9403569 9 8918391 3.26684227232071e-07
9 13284999 13770177 9 8918391 9 8433213 9.80052681696199e-07
9 13770177 14255355 9 8433213 9 7948035 2.93397474741229e-06
9 14255355 14740533 9 7948035 9 7462857 2.70107053493769e-06
9 14740533 15225711 9 7462857 9 6977679 2.07140472156611e-06
9 15225711 15710889 9 6977679 9 6492501 4.41384399127743e-06
9 15710889 16196067 9 6492501 9 6007323 4.05830437488921e-06
9 16196067 16681245 9 6007323 9 5522145 7.1983890448454e-06
9 16681245 17166423 9 5522145 9 5036967 6.66868654390759e-06
9 17166423 17651601 9 5036967 9 4551789 1.37702039251574e-05
9 17651601 18046342 9 4551789 9 18046342 1.21649385293141e-05
9 18046342 18348647 9 18046342 9 18348647 1.06812656092357e-05
9 18348647 18633412 9 18348647 9 18898636 9.61143398942989e-06
9 18633412 18898636 9 18898636 9 18633412 9.29968630289867e-06
9 18898636 19145457 9 18633412 9 19145457 1.03678374206409e-05
9 19145457 19371874 9 19145457 9 19371874 5.92932509484711e-06
9 19371874 19516386 9 19371874 9 19576992 1.10890445084146e-05
9 19516386 19576992 9 19576992 9 19516386 1.29525129525129e-05
9 19747231 19805690 9 19656395 9 19714854 0.000146564258711233
9 20215496 20467694 9 20123381 9 19871183 7.53178058509585e-06
10 2321500 2806207 10 242353 10 727060 4.55945550610988e-06
10 2806207 3290914 10 727060 10 1211767 8.39682529858244e-06
10 3290914 3775621 10 1211767 10 1696474 2.66140163026323e-06
10 3775621 4260328 10 1696474 10 2181181 7.02486244267155e-06
10 4260328 4745035 10 2181181 10 2665888 3.71667832319319e-06
10 4745035 5229742 10 2665888 10 3150595 3.46807452749806e-06
10 5229742 5714449 10 3150595 10 3635302 3.00800277280914e-06
10 5714449 6199156 10 3635302 10 4120009 5.65186803574118e-06
10 6199156 6683863 10 4120009 10 4604716 3.20193436447173e-06
10 6683863 7168570 10 4604716 10 5089423 4.78330207733744e-06
10 7168570 7653277 10 5089423 10 5574130 1.94344212070385e-06
10 7653277 8137984 10 5574130 10 6058837 9.05701795105084e-07
10 8137984 8622691 10 6058837 10 6543544 5.62195305617619e-07
10 8622691 9107398 10 6543544 10 7028251 1.09963338676768e-06
10 9107398 9592105 10 7028251 10 7512958 2.00120897779483e-06
10 9592105 10076812 10 7512958 10 7997665 1.25023983561203e-06
10 10076812 10561519 10 7997665 10 8482372 8.07704448254311e-07
10 10561519 11046226 10 8482372 10 8967079 9.07764897144047e-07
10 11046226 11530933 10 8967079 10 9451786 1.46892865174219e-06
10 11530933 12015640 10 9451786 10 9936493 1.56795754961244e-06
10 12015640 12500347 10 9936493 10 10421200 1.43901367217721e-06
10 12500347 12985054 10 10421200 10 10905907 3.81158101698552e-06
10 12985054 13469761 10 10905907 10 11390614 1.93725281458695e-06
10 13469761 13954468 10 11390614 10 11875321 5.53014501544232e-06
10 13954468 14439175 10 11875321 10 12360028 1.05011893783255e-05
10 14439175 14923882 10 12360028 10 12844735 1.26117427641854e-05
10 14923882 15408589 10 12844735 10 13329442 1.22630785196005e-05
10 15408589 15893296 10 13329442 10 13814149 1.87329665137908e-05
10 15893296 16378003 10 13814149 10 14298856 2.10178520219432e-05
10 17105928 17477671 10 14728081 10 15099824 3.3531229908835e-06
10 17477671 17849415 10 15099824 10 15471568 4.38877291899803e-06
11 903188 1213264 11 155038 11 465114 2.10916033488564e-06
11 1213264 1567226 11 465114 11 2006616 2.48049225623089e-06
11 1567226 1963073 11 2006616 11 1610769 2.42139008253189e-06
11 1963073 2358920 11 1610769 11 1214922 7.75552170409274e-07
11 2358920 2754766 11 1214922 11 819076 2.34813538598344e-06
11 2754766 3202658 11 819076 11 2454508 3.93286774490279e-06
11 3202658 3700595 11 2454508 11 2952445 6.67554329162123e-06
11 3700595 4198532 11 2952445 11 3450382 2.11472535682225e-06
11 4198532 4696469 11 3450382 11 3948319 5.69549963147948e-06
11 4696469 5194406 11 3948319 11 4446256 1.39676304432087e-06
11 5194406 5692343 11 4446256 11 4944193 3.74746202832889e-06
11 5692343 6190280 11 4944193 11 5442130 1.58353365988067e-06
11 6190280 6688217 11 5442130 11 5940067 5.42237270980049e-08
11 6688217 7186154 11 5940067 11 6438004 2.00627790262624e-06
11 7186154 7684091 11 6438004 11 6935941 1.57750880131422e-06
11 7684091 8182028 11 6935941 11 7433878 1.33149374318438e-06
11 8182028 8679965 11 7433878 11 7931815 8.21389051225357e-07
11 8679965 9177902 11 7931815 11 8429752 1.254174724915e-06
11 9177902 9675839 11 8429752 11 8927689 1.36463046529983e-06
11 9675839 10173776 11 8927689 11 9425626 1.57851294440863e-06
11 10173776 10671714 11 9425626 11 9923564 1.04430672091706e-06
11 10671714 11169652 11 9923564 11 10421502 9.18789086191453e-07
11 11169652 11667590 11 10421502 11 10919440 3.74444207913435e-06
11 11667590 12165528 11 10919440 11 11417378 1.34354076210291e-06
11 12165528 12663466 11 11417378 11 11915316 1.27124260450096e-06
11 12663466 13161404 11 11915316 11 12413254 1.84862372423876e-06
11 13161404 13659342 11 12413254 11 12911192 2.75034241210753e-06
11 13659342 14157280 11 12911192 11 13409130 6.22567468239018e-06
11 14157280 14655218 11 13409130 11 13907068 7.54812848185919e-06
11 14655218 15153156 11 13907068 11 14405006 1.73123963224337e-05
11 15153156 15651094 11 14405006 11 14902944 1.23579642445445e-05
11 16239381 16531261 11 15590734 11 15298854 1.23321227901877e-05
11 16531261 16776788 11 15298854 11 16033435 4.39137039918217e-05
11 16776788 16973962 11 16033435 11 15836261 3.26615070952555e-06
11 16973962 17180868 11 15836261 11 16454981 1.39870279257247e-05
11 17180868 17395508 11 16454981 11 16240341 5.12486023108461e-06
11 17395508 17539515 11 16240341 11 16598988 1.26521627420889e-05
12 926425 1016623 12 45099 12 135297 1.59427038293532e-05
12 1016623 1240220 12 135297 12 358894 3.23439044352116e-05
12 1240220 1595215 12 358894 12 713889 2.13890336483612e-05
12 1595215 1950210 12 713889 12 1068884 9.24520063662869e-06
12 3660785 4141300 12 1487639 12 1968154 3.87188745408572e-06
12 4141300 4629768 12 1968154 12 16300404 4.23466839178821e-06
12 4629768 5124189 12 16300404 12 15805983 2.62327045170007e-06
12 5124189 5618610 12 15805983 12 15311562 1.39860564175065e-06
12 5618610 6113031 12 15311562 12 14817141 1.87188650967495e-06
12 6113031 6607452 12 14817141 12 14322720 2.59293193452544e-06
12 6607452 7101873 12 14322720 12 13828299 1.04870141033653e-06
12 7101873 7596294 12 13828299 12 13333878 4.33840795597269e-07
12 7596294 8090715 12 13333878 12 12839457 1.45624882438244e-07
12 8090715 8585136 12 12839457 12 12345036 3.66084773907252e-07
12 8585136 9079557 12 12345036 12 11850615 1.45928267609993e-06
12 9079557 9573978 12 11850615 12 11356194 1.16601034341179e-06
12 9573978 10068399 12 11356194 12 10861773 9.04087811804101e-07
12 10068399 10562820 12 10861773 12 10367352 2.14392188034088e-07
12 10562820 11057241 12 10367352 12 9872931 8.13072260280209e-07
12 11057241 11551662 12 9872931 12 9378510 2.91249764876489e-07
12 11551662 12046083 12 9378510 12 8884089 1.50681301967351e-06
12 12046083 12540504 12 8884089 12 8389668 1.43602314626604e-06
12 12540504 13034925 12 8389668 12 7895247 1.24590177197166e-06
12 13034925 13529346 12 7895247 12 7400826 1.48254220593381e-06
12 13529346 14023767 12 7400826 12 6906405 1.48860990936873e-06
12 14023767 14518188 12 6906405 12 6411984 2.85080933050983e-06
12 14518188 15012609 12 6411984 12 5917563 2.00942112086664e-06
12 15012609 15507030 12 5917563 12 5423142 2.41292339928927e-06
12 15507030 16001450 12 5423142 12 4928722 7.44812103070264e-06
12 16001450 16495870 12 4928722 12 4434302 4.69742324339631e-06
12 16495870 16990290 12 4434302 12 3939882 2.05796691072367e-06
12 16990290 17484710 12 3939882 12 3445462 1.82334857004168e-06
12 17484710 17979130 12 3445462 12 2951042 2.60305003842885e-06
12 17979130 18473550 12 2951042 12 2456622 1.25399457950731e-06
12 18473550 18906986 12 2456622 12 17104293 2.86086065762903e-07
12 18906986 19277438 12 17104293 12 16733841 3.09216848606569e-06
12 19277438 19648756 12 16733841 12 18215976 5.25290990471778e-06
12 19648756 20018939 12 18215976 12 17845793 7.92986171704266e-06
12 20018939 20389122 12 17845793 12 17475610 5.17987049648416e-06
13 245711 737133 13 1228554 13 737132 2.13869138947788e-06
13 737133 1228554 13 737132 13 245711 2.7115243345319e-06
13 1228554 1700080 13 245711 13 1700080 8.74819204031167e-07
13 1700080 2149711 13 1700080 13 2149711 3.38277387457715e-06
13 2149711 2599342 13 2149711 13 2599342 4.55151001599089e-06
13 2599342 3069782 13 2599342 13 3069782 3.42445370291642e-06
13 3069782 3559032 13 3069782 13 3559032 3.05160960654062e-06
13 3559032 4048282 13 3559032 13 4048282 4.64690853346959e-06
13 4048282 4537532 13 4048282 13 4537532 2.90853346959632e-06
13 4537532 5026782 13 4537532 13 5026782 3.8160449667859e-06
13 5026782 5516032 13 5026782 13 5516032 2.77363311190598e-06
13 5516032 6005282 13 5516032 13 6005282 3.52171691364333e-06
13 6005282 6494532 13 6005282 13 6494532 1.55748594787941e-06
13 6494532 6983782 13 6494532 13 6983782 1.4460909555442e-06
13 6983782 7473032 13 6983782 13 7473032 1.62493612672459e-07
13 7473032 7962282 13 7473032 13 7962282 2.34236075625958e-06
13 7962282 8451532 13 7962282 13 8451532 1.16811446090955e-06
13 8451532 8940782 13 8451532 13 8940782 9.25907000510985e-07
13 8940782 9430032 13 8940782 13 9430032 8.13490035769037e-07
13 9430032 9919282 13 9430032 13 9919282 1.08840061318344e-06
13 9919282 10408532 13 9919282 13 10408532 1.11803781297905e-06
13 10408532 10897782 13 10408532 13 10897782 5.51865099642312e-07
13 10897782 11387032 13 10897782 13 11387032 8.24731732243224e-07
13 11387032 11876283 13 11387032 13 11876283 2.91261540599815e-07
13 11876283 12365534 13 11876283 13 12365534 6.40775389319591e-07
13 12365534 12854785 13 12365534 13 12854785 1.06489307124564e-06
13 12854785 13344036 13 12854785 13 13344036 1.17219995462452e-06
13 13344036 13833287 13 13344036 13 13833287 1.53499941747692e-06
13 13833287 14322538 13 13833287 13 14322538 1.0546733680667e-06
13 14322538 14811789 13 14322538 13 14811789 1.09759612141825e-06
13 14811789 15301040 13 14811789 13 15301040 1.80888746267254e-06
13 15301040 15790291 13 15301040 13 15790291 2.6949357282867e-06
13 15790291 16279542 13 15790291 13 16279542 2.91976919822341e-06
13 16279542 16768793 13 16279542 13 16768793 5.40826692229551e-06
13 16768793 17258044 13 16768793 13 17258044 3.82625687019546e-06
13 17258044 17747295 13 17258044 13 17747295 7.83851233824765e-06
13 17747295 18236546 13 17747295 13 18236546 1.52835661041061e-05
13 18236546 18676908 13 18236546 13 19455854 1.6092442127159e-05
13 18676908 19066381 13 19455854 13 19066381 1.18583316430151e-05
13 19066381 19455854 13 19066381 13 18676908 1.01393421366821e-05
13 19877416 20086872 13 19965774 13 19756318 1.01715873500879e-05
14 229971 402831 14 259291 14 86431 3.02556982529214e-06
14 1007095 1496949 14 591648 14 1081502 1.2831374246204e-05
14 1496949 1986803 14 1081502 14 1571356 1.63252724281112e-05
14 1986803 2476657 14 1571356 14 2061210 1.80543590539222e-05
14 2476657 2966511 14 2061210 14 2551064 1.17034871614808e-05
14 2966511 3456365 14 2551064 14 3040918 1.02040608017899e-05
14 3456365 3946219 14 3040918 14 3530772 7.27972007986052e-06
14 3946219 4436073 14 3530772 14 4020626 5.1025407570419e-06
14 4436073 4925927 14 4020626 14 4510480 5.31178677728465e-06
14 4925927 5415781 14 4510480 14 5000334 2.51503509208866e-06
14 5415781 5905635 14 5000334 14 5490188 2.4017360274694e-06
14 5905635 6395489 14 5490188 14 5980042 2.23229778668747e-06
14 6395489 6885343 14 5980042 14 6469896 3.16216668640044e-06
14 6885343 7375197 14 6469896 14 6959750 2.43133668399156e-06
14 7375197 7865051 14 6959750 14 7449604 1.6096632874285e-06
14 7865051 8354905 14 7449604 14 7939458 2.30476835955203e-06
14 8354905 8844760 14 7939458 14 8429313 1.65355054046605e-06
14 8844760 9334615 14 8429313 14 8919168 2.76714537975523e-06
14 9334615 9824470 14 8919168 14 9409023 1.76889079421462e-06
14 9824470 10314325 14 9409023 14 9898878 1.6749854548795e-06
14 10314325 10804180 14 9898878 14 10388733 2.35069561400823e-06
14 10804180 11294035 14 10388733 14 10878588 2.32926069959477e-06
14 11294035 11783890 14 10878588 14 11368443 2.19860979269375e-06
14 11783890 12273745 14 11368443 14 11858298 1.41368364107746e-06
14 12273745 12763600 14 11858298 14 12348153 1.29630196690859e-06
14 12763600 13253455 14 12348153 14 12838008 2.44970450439425e-07
14 13253455 13715635 14 12838008 14 15030209 3.98113289194681e-07
14 13715635 14148141 14 15030209 14 14597703 6.15020369659608e-07
14 14148141 14580646 14 14597703 14 14165198 3.24158102218472e-06
14 14580646 15013151 14 14165198 14 13732693 3.79648790187396e-06
14 15013151 15445656 14 13732693 14 13300188 1.47281534317522e-06
15 85386 256156 15 256156 15 85386 1.14481466299701e-05
15 840920 1204584 15 888037 15 524373 1.3583967618461e-05
15 1204584 1633877 15 524373 15 1317330 1.51271975084616e-05
15 1633877 2126801 15 1317330 15 1810254 1.328500945379e-05
15 2126801 2619725 15 1810254 15 2303178 1.6842352979364e-05
15 2619725 3112649 15 2303178 15 2796102 1.13141173892933e-05
15 3112649 3605573 15 2796102 15 3289026 6.47158588342219e-06
15 3605573 4098497 15 3289026 15 3781950 5.35985263448321e-06
15 4098497 4591421 15 3781950 15 4274874 3.22564939016967e-06
15 4591421 5084345 15 4274874 15 4767798 1.21114005404485e-06
15 5084345 5577270 15 4767798 15 5260723 2.11391185271593e-06
15 5577270 6070195 15 5260723 15 5753648 1.71121367347974e-06
15 6070195 6563120 15 5753648 15 6246573 1.23649642440534e-06
15 6563120 7056045 15 6246573 15 6739498 1.32373079068824e-06
15 7056045 7548970 15 6739498 15 7232423 1.21823806867171e-06
15 7548970 8041895 15 7232423 15 7725348 9.66678500786119e-07
15 8041895 8534820 15 7725348 15 8218273 1.44545316224579e-06
15 8534820 9027745 15 8218273 15 8711198 1.69194096464979e-06
15 9027745 9520670 15 8711198 15 9204123 1.99523254044733e-06
15 9520670 10013595 15 9204123 15 9697048 2.16868691991681e-06
15 10013595 10506520 15 9697048 15 10189973 3.66688644317088e-06
15 10506520 10999445 15 10189973 15 10682898 3.13637977379925e-06
15 10999445 11492370 15 10682898 15 11175823 4.13044580818584e-06
15 11492370 11985295 15 11175823 15 11668748 1.91205558654967e-06
15 11985295 12478220 15 11668748 15 12161673 3.30273368159456e-06
15 12478220 12971145 15 12161673 15 12654598 5.50489425368972e-06
15 12971145 13464070 15 12654598 15 13147523 1.19490794745651e-06
15 13464070 13956995 15 13147523 15 13640448 2.34011259319369e-06
15 13956995 14449920 15 13640448 15 14133373 1.68382613987926e-07
15 15175766 15628026 15 15963743 15 15511483 3.80975545040465e-06
15 15628026 16080285 15 15511483 15 15059224 6.27627089787047e-06
15 16080285 16532544 15 15059224 15 14606965 3.80644719065845e-06
16 240064 720191 16 240064 16 720191 1.98905706198568e-06
16 720191 1200318 16 720191 16 1200318 1.40483663697313e-06
16 1200318 1680445 16 1200318 16 1680445 5.30172225265399e-06
16 1680445 2160572 16 1680445 16 2160572 3.30954101727251e-06
16 2160572 2640699 16 2160572 16 2640699 8.51024833012932e-06
16 2640699 3120826 16 2640699 16 3120826 1.19176801138032e-05
16 3120826 3600954 16 3120826 16 3600954 6.26812016795521e-06
16 3600954 4081082 16 3600954 16 4081082 3.63340609170888e-06
16 4081082 4561210 16 4081082 16 4561210 3.82814582777926e-06
16 4561210 5041338 16 4561210 16 5041338 1.74640929085578e-06
16 5041338 5529819 16 5041338 16 5529819 2.79437685396156e-06
16 5529819 6024652 16 5529819 16 6024652 2.34523566536589e-06
16 6024652 6519485 16 6024652 16 6519485 1.46109899703536e-06
16 6519485 7014318 16 6519485 16 7014318 2.79690319764445e-06
16 7014318 7509152 16 7014318 16 7509152 1.17312068289568e-06
16 7509152 8003986 16 7509152 16 8003986 1.54092079363989e-06
16 8003986 8498820 16 8003986 16 8498820 9.90231067388252e-07
16 8498820 8993654 16 8498820 16 8993654 1.43179328825424e-06
16 8993654 9488488 16 8993654 16 9488488 1.60356806525016e-06
16 9488488 9983322 16 9488488 16 9983322 8.73020043085157e-07
16 9983322 10478156 16 9983322 16 10478156 6.42639753937687e-07
16 10478156 10972990 16 10478156 16 10972990 8.47759046468111e-07
16 10972990 11467824 16 10972990 16 11467824 1.19332948018931e-06
16 11467824 11962658 16 11467824 16 11962658 1.15089100587268e-06
16 11962658 12457492 16 11962658 16 12457492 8.25529369445107e-07
16 12457492 12952326 16 12457492 16 12952326 3.35466035074386e-07
16 12952326 13447160 16 12952326 16 13447160 1.97844125504715e-06
16 13447160 13941994 16 13447160 16 13941994 3.15459325753687e-06
16 13941994 14436828 16 13941994 16 14436828 3.12124874200237e-06
16 14436828 14931662 16 14436828 16 14931662 4.03367593981011e-06
16 14931662 15426496 16 14931662 16 15426496 8.24518929580426e-06
16 15426496 15921330 16 15426496 16 15921330 9.1687313321235e-06
16 15921330 16413003 16 15921330 16 17872533 1.51096358758768e-05
16 16413003 16899513 16 17872533 16 17386023 2.8135084582023e-05
16 16899513 17386023 16 17386023 16 16899513 9.53115043883989e-06
16 17386023 17872533 16 16899513 16 16413003 1.74713777722924e-08
17 647138 851944 17 307210 17 102404 6.27423024716073e-06
17 851944 1013072 17 102404 17 583786 6.02626483292786e-06
17 1013072 1128520 17 583786 17 468338 4.89397824128612e-06
17 1279769 1353695 17 735035 17 808961 1.11733354976598e-05
17 1353695 1437863 17 808961 17 893129 6.8553369451573e-06
17 2169939 2629267 17 1625205 17 2084533 1.0074500139334e-05
17 2629267 3088595 17 2084533 17 2543861 2.19396596767452e-05
17 3088595 3547924 17 2543861 17 3003190 7.82772261276775e-06
17 3547924 4007253 17 3003190 17 3462519 6.46921923066038e-06
17 4007253 4466582 17 3462519 17 3921848 5.03778337531486e-06
17 4466582 4925911 17 3921848 17 4381177 3.75003537769224e-06
17 4925911 5385240 17 4381177 17 4840506 2.84327791191063e-06
17 5385240 5844569 17 4840506 17 5299835 2.77796524930932e-06
17 5844569 6303898 17 5299835 17 5759164 9.26351264562001e-07
17 6303898 6763227 17 5759164 17 6218493 1.31496160703983e-06
17 12339975 12819621 17 6688980 17 7168626 3.61725105598714e-07
17 12819621 13299267 17 7168626 17 7648272 2.01190044324361e-07
17 13299267 13778913 17 7648272 17 8127918 5.94188213807683e-07
17 13778913 14258559 17 8127918 17 8607564 1.43856093869227e-07
17 14258559 14738205 17 8607564 17 9087210 1.31659598954229e-06
17 14738205 15217851 17 9087210 17 9566856 2.46535986957048e-06
17 15217851 15697497 17 9566856 17 10046502 1.98271225028458e-06
17 15697497 16177143 17 10046502 17 10526148 3.75902227893071e-06
17 16177143 16656789 17 10526148 17 11005794 7.63583976516013e-06
17 16656789 17136435 17 11005794 17 11485440 9.52681769471652e-06
17 17136435 17616081 17 11485440 17 11965086 1.3566255113146e-05
17 17616081 18095727 17 11965086 17 12444732 2.00283125471702e-05
17 18095727 18575373 17 12444732 17 12924378 1.4361633371278e-05
17 18575373 19055019 17 12924378 17 13404024 4.99326586691017e-06
17 19055019 19534666 17 13404024 17 13883671 3.66102571265953e-06
17 19534666 20014313 17 13883671 17 14363318 2.67071408765196e-06
18 241130 723389 18 241130 18 723389 7.08125716679212e-07
18 723389 1205648 18 723389 18 1205648 4.1886206374583e-06
18 1205648 1687907 18 1205648 18 1687907 6.65928474118679e-06
18 1687907 2170166 18 1687907 18 2170166 1.34533518296185e-05
18 2170166 2652425 18 2170166 18 2652425 8.98272505023234e-06
18 2652425 3134684 18 2652425 18 3134684 7.35600579771451e-06
18 3134684 3616944 18 3134684 18 3616944 4.45610251731431e-06
18 3616944 4099204 18 3616944 18 4099204 1.41417492638825e-06
18 4099204 4581464 18 4099204 18 4581464 9.4347447434991e-08
18 4581464 5070408 18 4581464 18 5070408 1.90205831342652e-07
18 5070408 5564036 18 5070408 18 5564036 1.53962092912069e-07
18 5564036 6057664 18 5564036 18 6057664 4.62899187242219e-07
18 6057664 6551292 18 6057664 18 6551292 4.32511932062197e-07
18 6551292 7044920 18 6551292 18 7044920 1.27221308353659e-06
18 7044920 7538548 18 7044920 18 7538548 2.04303645660294e-06
18 7538548 8032176 18 7538548 18 8032176 2.73080133217727e-06
18 8032176 8525804 18 8032176 18 8525804 1.24182582835658e-06
18 8525804 9019432 18 8525804 18 9019432 1.62673106063675e-06
18 9019432 9513061 18 9019432 18 9513061 2.03999359843122e-06
18 9513061 10006690 18 9513061 18 10006690 3.71736668631705e-06
18 10006690 10500319 18 10006690 18 10500319 2.13318099220265e-06
18 10500319 10993948 18 10500319 18 10993948 3.19571986248782e-06
18 10993948 11487577 18 10993948 18 11487577 2.80372506477536e-06
18 11487577 11981206 18 11487577 18 11981206 3.76092166384065e-06
18 11981206 12464125 18 11981206 18 12464125 2.76133264584744e-06
18 12464125 12934334 18 12464125 18 12934334 2.761537954399e-06
18 12934334 13404543 18 12934334 18 13404543 4.91908917098568e-06
18 13404543 13874752 18 13404543 18 13874752 1.15576265022575e-05
18 13874752 14344961 18 13874752 18 14344961 1.45562930526638e-05
18 14344961 14815170 18 14344961 18 14815170 1.35184566862821e-05
18 14815170 15285379 18 14815170 18 15285379 1.64937293841675e-05
18 15285379 15755588 18 15285379 18 15755588 1.06612166079339e-05
19 132412 397237 19 132412 19 397237 4.22165581044086e-06
19 928746 1399118 19 765835 19 1236207 1.82855271997483e-05
19 1399118 1869490 19 1236207 19 1706579 2.59029023836453e-05
19 1869490 2339862 19 1706579 19 2176951 2.22440961621865e-05
19 2339862 2810234 19 2176951 19 2647323 1.01419727364724e-05
19 2810234 3280606 19 2647323 19 3117695 3.0082572942267e-06
19 3280606 3750978 19 3117695 19 3588067 6.68619730766285e-07
19 4445051 4942518 19 19991927 19 19494460 8.28195639107725e-07
19 4942518 5439985 19 19494460 19 18996993 5.14003943980203e-06
19 5439985 5937452 19 18996993 19 18499526 9.53832113486923e-07
19 5937452 6434919 19 18499526 19 18002059 1.43426599151301e-06
19 6434919 6932386 19 18002059 19 17504592 4.6837277648567e-07
19 6932386 7429853 19 17504592 19 17007125 1.48753585664979e-06
19 7429853 7927320 19 17007125 19 16509658 3.0564841486973e-06
19 7927320 8424787 19 16509658 19 16012191 1.18500322634466e-06
19 8424787 8922254 19 16012191 19 15514724 2.6202743096527e-06
19 8922254 9419721 19 15514724 19 15017257 2.69364601069016e-07
19 9419721 9917188 19 15017257 19 14519790 1.68855421565658e-07
19 9917188 10414655 19 14519790 19 14022323 1.91972532851421e-07
19 10414655 10912122 19 14022323 19 13524856 3.28665016976006e-07
19 10912122 11409589 19 13524856 19 13027389 2.16094735932236e-07
19 11409589 11907056 19 13027389 19 12529922 5.48780120088374e-07
19 11907056 12404523 19 12529922 19 12032455 1.00107142785351e-06
19 12404523 12901990 19 12032455 19 11534988 3.01527538510089e-07
19 12901990 13399457 19 11534988 19 11037521 4.50281124175071e-07
19 13399457 13896924 19 11037521 19 10540054 2.92481712354793e-07
19 13896924 14394391 19 10540054 19 10042587 2.91476620559755e-07
19 14394391 14891858 19 10042587 19 9545120 3.27659925180967e-07
19 14891858 15389325 19 9545120 19 9047653 3.12181511537448e-06
19 15389325 15886792 19 9047653 19 8550186 3.28262980257987e-06
19 15886792 16384259 19 8550186 19 8052719 4.43144972430332e-06
19 16384259 16881726 19 8052719 19 7555252 3.53189256774822e-06
19 16881726 17379193 19 7555252 19 7057785 3.07960125998307e-06
19 17379193 17876660 19 7057785 19 6560318 6.52304574976834e-06
19 17876660 18374127 19 6560318 19 6062851 7.15223321345938e-06
19 18374127 18871593 19 6062851 19 5565385 1.03685478002517e-05
19 18871593 19369059 19 5565385 19 5067919 1.45587839168908e-05
19 19369059 19866525 19 5067919 19 4570453 4.76313959144947e-06
19 19866525 20363991 19 4570453 19 4072987 1.75388870797199e-06
20 526854 734721 20 103933 20 311800 3.13662101247433e-06
20 734721 883496 20 311800 20 460575 4.56729961351033e-06
20 883496 971181 20 460575 20 548260 3.86040942008326e-06
20 1381821 1501840 20 653112 20 773131 1.97385413976121e-05
20 1501840 1807375 20 773131 20 17706312 2.01809939941414e-05
20 1807375 2296424 20 17706312 20 17217263 1.46529284386636e-05
20 2296424 2785473 20 17217263 20 16728214 2.00419589857049e-05
20 2785473 3274522 20 16728214 20 16239165 9.49189140556468e-06
20 3274522 3763571 20 16239165 20 15750116 9.55323495191688e-06
20 3763571 4252620 20 15750116 20 15261067 5.33688853264192e-06
20 4252620 4741669 20 15261067 20 14772018 3.633582728929e-06
20 4741669 5230718 20 14772018 20 14282969 3.15919263713861e-06
20 5230718 5719767 20 14282969 20 13793920 6.48196806454977e-07
20 5719767 6208816 20 13793920 20 13304871 3.30232757862717e-07
20 6208816 6697865 20 13304871 20 12815822 7.61682367206563e-07
20 6697865 7186914 20 12815822 20 12326773 5.01994687648886e-07
20 7186914 7675963 20 12326773 20 11837724 1.20846786313845e-06
20 7675963 8165012 20 11837724 20 11348675 5.31644068385789e-07
20 8165012 8654061 20 11348675 20 10859626 4.99949902770483e-07
20 8654061 9143109 20 10859626 20 10370578 5.76630514796094e-07
20 9143109 9632157 20 10370578 20 9881530 2.14702851253866e-07
20 9632157 10121205 20 9881530 20 9392482 7.22832932554671e-07
20 10121205 10610253 20 9392482 20 8903434 4.04868233793003e-07
20 10610253 11099301 20 8903434 20 8414386 3.82375554137838e-07
20 11099301 11588349 20 8414386 20 7925338 4.77458245407402e-07
20 11588349 12077397 20 7925338 20 7436290 6.77847573244348e-07
20 12077397 12566445 20 7436290 20 6947242 5.58227413260047e-07
20 12566445 13055493 20 6947242 20 6458194 1.81372789583027e-06
20 13055493 13544541 20 6458194 20 5969146 5.41869100783572e-07
20 13544541 14033589 20 5969146 20 5480098 1.32604570512505e-06
20 14033589 14522637 20 5480098 20 4991050 5.75608120266316e-07
20 14522637 15011685 20 4991050 20 4502002 6.05973237800789e-06
20 15011685 15500733 20 4502002 20 4012954 5.82458163615841e-06
20 15500733 15989781 20 4012954 20 3523906 7.4348530205624e-06
20 15989781 16478829 20 3523906 20 3034858 6.58422077178518e-06
20 16478829 16967877 20 3034858 20 2545810 6.56070569760024e-06
20 16967877 17456925 20 2545810 20 2056762 4.05072712698958e-06
20 17456925 17945973 20 2056762 20 1567714 3.37390194827501e-06
20 17945973 18435021 20 1567714 20 1078666 2.22882007492106e-06
20 18435021 18903074 20 1078666 20 18174365 9.25108908606519e-07
20 18903074 19348133 20 18174365 20 18619424 1.39869096007495e-06
20 19348133 19793192 20 18619424 20 19064483 3.91633468820987e-06
20 19793192 20238251 20 19064483 20 19509542 9.74028162558212e-07
21 4684235 5168269 21 540087 21 1024121 1.71475557502159e-07
21 5168269 5652303 21 1024121 21 1508155 1.01232558043442e-07
21 5652303 6136338 21 1508155 21 1992190 2.33454192362122e-07
21 6136338 6620373 21 1992190 21 2476225 4.88601030917187e-07
21 6620373 7104408 21 2476225 21 2960260 2.01948206224756e-06
21 7104408 7588443 21 2960260 21 3444295 1.19826045637195e-07
21 7588443 8072478 21 3444295 21 3928330 4.54512586899709e-07
21 8072478 8556513 21 3928330 21 4412365 2.39238898013573e-06
21 8556513 9040548 21 4412365 21 4896400 1.16417201235448e-06
21 9040548 9524583 21 4896400 21 5380435 1.94097534269216e-06
21 9524583 10008618 21 5380435 21 5864470 8.78035679238071e-07
21 10008618 10492653 21 5864470 21 6348505 3.65469439193447e-06
21 10492653 10976688 21 6348505 21 6832540 3.66812317291105e-06
21 10976688 11460723 21 6832540 21 7316575 4.13193260817907e-08
21 11460723 11944758 21 7316575 21 7800610 3.93773177559474e-06
21 11944758 12428793 21 7800610 21 8284645 1.82838017911928e-06
21 12428793 12912828 21 8284645 21 8768680 7.3155866827812e-06
21 12912828 13396863 21 8768680 21 9252715 1.0055058002004e-05
21 13396863 13877735 21 9252715 21 9733587 7.68187792177544e-06
21 13877735 14353444 21 9733587 21 10209296 7.68116642737472e-06
21 14353444 14829153 21 10209296 21 10685005 1.12905158405664e-05
21 14829153 15304862 21 10685005 21 11160714 1.31498458090976e-05
21 16504778 16638161 21 11466260 21 11599643 1.85405936288732e-05
