chromosome_BroadS1	pos1	pos2	gen1	gen2	rate
1	241608	612298	0	0.0000001	2.69767E-07
1	612298	715797	0.0000001	0.0000002	9.66193E-07
1	715797	956634	0.0000002	0.711856	2.955757629
1	956634	983330	0.711856	0.7118561	3.74588E-06
1	983330	1190613	0.7118561	1.665939	4.602803414
1	1190613	1236417	1.665939	1.6659391	2.18322E-06
1	1236417	1330208	1.6659391	2.1626602	5.296042264
1	1330208	1391915	2.1626602	3.4076482	20.17579853
1	1391915	1464000	3.4076482	3.6214473	2.965930499
1	1464000	1911436	3.6214473	12.4296183	19.6858791
1	1911436	1913462	12.4296183	12.9301635	247.0608095
1	1913462	2092038	12.9301635	14.5022937	8.803703745
1	2092038	2169783	14.5022937	16.1879503	21.68186507
1	2169783	2354812	16.1879503	18.4431972	12.18861314
1	2354812	2363639	18.4431972	18.4431973	1.13289E-05
1	2363639	2544241	18.4431973	21.1405559	14.93537502
1	2544241	2551672	21.1405559	21.495669	47.78806352
1	2551672	2575287	21.495669	21.8509028	15.04271861
1	2575287	2589721	21.8509028	21.8509029	6.92809E-06
1	2589721	2659117	21.8509029	23.3412851	21.47648568
1	2659117	2884565	23.3412851	26.1587829	12.49732887
1	2884565	3037319	26.1587829	26.158783	6.54647E-07
1	3037319	3100967	26.158783	26.514014	5.58118087
1	3100967	3152276	26.514014	26.5140141	1.94898E-06
1	3152276	4319658	26.5140141	34.7876065	7.087305098
1	4319658	4335072	34.7876065	35.2134242	27.62538601
1	4335072	6301896	35.2134242	41.6702348	3.282861405
1	6301896	6550219	41.6702348	42.0430142	1.501187566
1	6550219	6596684	42.0430142	42.4066992	7.827074142
1	6596684	7132319	42.4066992	42.5883396	0.339112269
1	7132319	7435267	42.5883396	42.7658132	0.585821989
1	7435267	7469158	42.7658132	42.7658133	2.95064E-06
1	7469158	7604030	42.7658133	42.9432771	1.315794235
1	7604030	7937619	42.9432771	43.2985712	1.065065395
1	7937619	8131876	43.2985712	43.2985713	5.14782E-07
1	8131876	9359659	43.2985713	44.9087195	1.311427345
1	9359659	9598491	44.9087195	44.9087196	4.18704E-07
1	9598491	9945959	44.9087196	45.4421967	1.535327282
1	9945959	10262757	45.4421967	45.7974845	1.121496348
1	10262757	10392172	45.7974845	45.7974846	7.72708E-07
1	10392172	10646861	45.7974846	45.7974847	3.92636E-07
1	10646861	10816847	45.7974847	45.7974848	5.88284E-07
1	10816847	11094415	45.7974848	45.7974849	3.60272E-07
1	11094415	11360199	45.7974849	45.797485	3.76245E-07
1	11360199	11964985	45.797485	45.7974851	1.65348E-07
1	11964985	12220179	45.7974851	45.7974852	3.91859E-07
1	12220179	12222166	45.7974852	45.7974853	5.03271E-05
1	12222166	12389943	45.7974853	45.7974854	5.96029E-07
1	12389943	12865665	45.7974854	45.7974855	2.10207E-07
1	12865665	12991415	45.7974855	45.7974856	7.95229E-07
1	12991415	13370423	45.7974856	46.1527913	0.93746227
1	13370423	13376378	46.1527913	46.1527914	1.67926E-05
1	13376378	13833891	46.1527914	46.3302709	0.38792231
1	13833891	13883327	46.3302709	46.5077503	3.590084149
1	13883327	13949714	46.5077503	46.5077504	1.50632E-06
1	13949714	13971233	46.5077504	46.5077505	4.64706E-06
1	13971233	13973589	46.5077505	46.5077506	4.24448E-05
1	13973589	14210810	46.5077506	46.6852334	0.748174909
1	14210810	14598901	46.6852334	46.6852335	2.57672E-07
1	14598901	14892477	46.6852335	47.0405347	1.210252882
1	14892477	15022178	47.0405347	47.0405348	7.71004E-07
1	15022178	15031340	47.0405348	47.0405349	1.09146E-05
1	15031340	15126713	47.0405349	47.040535	1.04851E-06
1	15126713	15464652	47.040535	47.0405386	1.06528E-05
1	15464652	15819235	47.0405386	47.2180134	0.500516945
1	15819235	16076902	47.2180134	47.3954928	0.688793676
1	16076902	16177434	47.3954928	47.3954929	9.94708E-07
1	16177434	16237382	47.3954929	47.395493	1.66811E-06
1	16237382	16355823	47.395493	47.3954931	8.44302E-07
1	16355823	16370824	47.3954931	47.3954932	6.66622E-06
1	16370824	16388855	47.3954932	47.3954933	5.546E-06
1	16388855	16469279	47.3954933	47.3954934	1.24341E-06
1	16469279	16987460	47.3954934	48.4658319	2.065568788
1	16987460	18081756	48.4658319	48.465832	9.1383E-08
1	18081756	18455325	48.465832	48.8211317	0.951095246
1	18455325	19749589	48.8211317	48.8211318	7.7264E-08
1	27013226	26934623	49.7122731	49.7122732	1.27222E-06
1	26934623	26510322	49.7122732	49.8897594	0.418302573
1	26510322	26127156	49.8897594	49.8897595	2.60983E-07
1	26127156	25662395	49.8897595	50.4232443	1.14786912
1	25662395	25143764	50.4232443	52.5791302	4.156878204
1	25143764	25111558	52.5791302	52.5791303	3.10501E-06
1	25111558	24989686	52.5791303	53.2913415	5.843928056
1	24989686	24979103	53.2913415	53.2913416	9.44912E-06
1	24979103	24898852	53.2913416	54.162251	10.85231835
1	24898852	24593361	54.162251	55.253102	3.570812233
1	24593361	24575819	55.253102	55.2531021	5.7006E-06
1	24575819	24135008	55.2531021	55.4304748	0.402378117
1	24135008	23825248	55.4304748	57.8073016	7.673123709
1	23825248	23499877	57.8073016	58.660221	2.621374984
1	23499877	23376739	58.660221	59.3352916	5.482228069
1	23376739	23357908	59.3352916	59.7267985	20.79055281
1	23357908	23318769	59.7267985	59.7267986	2.555E-06
1	23318769	23195601	59.7267986	59.9042778	1.440952195
1	23195601	23065327	59.9042778	60.081711	1.362000092
1	23065327	22935134	60.081711	61.1519303	8.220252241
1	22935134	22907481	61.1519303	61.1519304	3.61624E-06
1	22907481	22871469	61.1519304	61.3293903	4.927799067
1	22871469	22707912	61.3293903	61.7616731	2.643010082
1	22707912	22534232	61.7616731	63.0685187	7.524444956
1	22534232	22462553	63.0685187	63.6460958	8.057828653
1	22462553	22053314	63.6460958	65.33884	4.136321807
1	22053314	22033444	65.33884	65.9681201	31.66985908
1	22033444	21974474	65.9681201	66.7994089	14.09680855
1	21974474	21954115	66.7994089	67.2136941	20.34899553
1	21954115	21919654	67.2136941	67.3911448	5.149319521
1	21919654	21906006	67.3911448	67.3911449	7.32708E-06
1	21906006	21849910	67.3911449	67.391145	1.78266E-06
1	21849910	21798544	67.391145	67.3911451	1.94681E-06
1	21798544	21770507	67.3911451	67.3911452	3.56672E-06
1	21770507	21757941	67.3911452	67.3911453	7.95798E-06
1	21757941	21680511	67.3911453	67.3911454	1.29149E-06
1	21680511	21629838	67.3911454	67.3911455	1.97344E-06
1	21629838	21595761	67.3911455	67.3911456	2.93453E-06
1	21595761	21460023	67.3911456	67.746361	2.616919359
1	21460023	21424289	67.746361	68.6368256	24.91925337
1	21424289	21255007	68.6368256	70.4257893	10.56794993
1	21255007	21023542	70.4257893	71.0352156	2.632909079
1	21023542	20798036	71.0352156	71.8490736	3.609030358
1	20798036	20739850	71.8490736	72.0264929	3.049175059
1	20739850	20727495	72.0264929	72.2038562	14.35558883
1	20727495	20406713	72.2038562	74.0886304	5.875560973
1	20406713	20094256	74.0886304	75.7336751	5.264867486
1	20094256	20035610	75.7336751	76.3128811	9.8763087
1	20035610	20018177	76.3128811	76.3128812	5.73625E-06
1	20018177	20003473	76.3128812	76.3128813	6.80087E-06
1	28144937	28134695	84.9487378	84.9487379	9.76372E-06
1	28134695	28121372	84.9487379	84.948738	7.50582E-06
1	28121372	28080164	84.948738	84.9487381	2.42671E-06
1	28080164	27955699	84.9487381	85.8392392	7.154630619
1	27955699	27866150	85.8392392	86.372553	5.955552826
1	27866150	27831003	86.372553	86.3725531	2.84519E-06
1	27831003	27785797	86.3725531	86.3725532	2.2121E-06
1	27785797	27739370	86.3725532	86.3725533	2.15392E-06
1	27739370	27634509	86.3725533	86.3725534	9.53643E-07
1	27634509	27578150	86.3725534	86.3725535	1.77434E-06
1	27578150	27419213	86.3725535	86.3725536	6.2918E-07
1	27419213	27341739	86.3725536	86.3725537	1.29076E-06
2	557037	747569	0	0.0000001	5.24846E-07
2	747569	890973	0.0000001	0.0000002	6.97331E-07
2	890973	911310	0.0000002	0.0000003	4.91715E-06
2	911310	1171497	0.0000003	0.0000004	3.84339E-07
2	1171497	1210851	0.0000004	0.0000005	2.54104E-06
2	1210851	2366744	0.0000005	1.6095741	1.392493596
2	2366744	2509506	1.6095741	1.6095742	7.00467E-07
2	2509506	2550239	1.6095742	1.6095743	2.45501E-06
2	2550239	3126021	1.6095743	2.2771154	1.159364308
2	3126021	3210498	2.2771154	2.4986854	2.622844088
2	3210498	3353997	2.4986854	3.0320945	3.717162489
2	3353997	3366048	3.0320945	3.0320946	8.29807E-06
2	3366048	3515995	3.0320946	3.0320947	6.66902E-07
2	3515995	3675533	3.0320947	3.5654751	3.343281225
2	3675533	3704341	3.5654751	3.9500796	13.35061441
2	3704341	3762186	3.9500796	3.9500797	1.72876E-06
2	3762186	4000000	3.9500797	5.2401833	5.424842944
2	4000000	4295485	5.2401833	5.8817107	2.171099717
2	4295485	4347576	5.8817107	5.8817108	1.91972E-06
2	4347576	4351184	5.8817108	5.8817109	2.77162E-05
2	4351184	4515823	5.8817109	6.4150663	3.239544701
2	4515823	4523619	6.4150663	6.4150664	1.28271E-05
2	4523619	4689476	6.4150664	6.7702953	2.141778158
2	4689476	4707277	6.7702953	6.7702954	5.61766E-06
2	4707277	4725855	6.7702954	6.7702955	5.38271E-06
2	4725855	4743030	6.7702955	6.7702956	5.82242E-06
2	4743030	5244024	6.7702956	8.0194594	2.493370779
2	5244024	5249616	8.0194594	8.0194595	1.78827E-05
2	5249616	5325821	8.0194595	8.0194596	1.31225E-06
2	5325821	5344760	8.0194596	8.0194597	5.28011E-06
2	5344760	5395534	8.0194597	8.3746977	6.996454878
2	5395534	5457711	8.3746977	8.9080693	8.578278141
2	5457711	5561506	8.9080693	8.9080694	9.63438E-07
2	5561506	5573666	8.9080694	8.9080695	8.22368E-06
2	5573666	5633642	8.9080695	8.9080696	1.66733E-06
2	5633642	5636171	8.9080696	9.3026721	156.0310399
2	5636171	5665753	9.3026721	9.3026722	3.38043E-06
2	5665753	5772380	9.3026722	9.7628543	4.31581213
2	5772380	6050141	9.7628543	10.6874938	3.328903266
2	6050141	6075091	10.6874938	10.864922	7.111350701
2	6075091	6079146	10.864922	11.0422522	43.73124538
2	6079146	6833375	11.0422522	13.8628146	3.739663153
2	6833375	8314680	13.8628146	15.303894	0.972844485
2	8314680	8355644	15.303894	15.528742	5.488917098
2	8355644	8529365	15.528742	16.4193861	5.126864916
2	8529365	8595835	16.4193861	16.5080142	1.333354897
2	8595835	8602012	16.5080142	16.5967259	14.36161567
2	8602012	8680760	16.5967259	16.7741874	2.253536598
2	8680760	8753413	16.7741874	17.129439	4.889703109
2	8753413	9355423	17.129439	17.8412504	1.182391322
2	9355423	9790003	17.8412504	19.4311535	3.658481983
2	9790003	10052990	19.4311535	19.5295316	0.374079707
2	10052990	10146053	19.5295316	19.6277472	1.055366795
2	10146053	10288972	19.6277472	19.805215	1.241736928
2	10288972	10342369	19.805215	19.8052151	1.87276E-06
2	10342369	10413469	19.8052151	19.8052152	1.40647E-06
2	10413469	10604404	19.8052152	20.1604666	1.860588158
2	10604404	10641127	20.1604666	20.1604667	2.72309E-06
2	10641127	11143793	20.1604667	20.3379226	0.353029447
2	11143793	11321982	20.3379226	20.6931785	1.993702754
2	11321982	11380671	20.6931785	20.6931786	1.7039E-06
2	11380671	11407651	20.6931786	20.6931787	3.70645E-06
2	11407651	11647581	20.6931787	21.0484211	1.480608511
2	11647581	11698397	21.0484211	21.0484212	1.96788E-06
2	11698397	12493408	21.0484212	21.2258827	0.223218924
2	12493408	13048085	21.2258827	21.2258828	1.80285E-07
2	13048085	13282409	21.2258828	21.2258829	4.2676E-07
2	13282409	13330392	21.2258829	21.225883	2.08407E-06
2	13330392	13352341	21.225883	21.2258831	4.55602E-06
2	13352341	13491924	21.2258831	21.4033356	1.271304528
2	13491924	13686615	21.4033356	21.758587	1.824693489
2	13686615	13769345	21.758587	21.7585871	1.20875E-06
2	13769345	13803475	21.7585871	21.7585872	2.92997E-06
2	13803475	13867109	21.7585872	21.9360498	2.788801584
2	13867109	14064329	21.9360498	21.9360499	5.07048E-07
2	14064329	14179562	21.9360499	21.93605	8.67807E-07
2	14179562	14740149	21.93605	22.4694101	0.951431446
2	14740149	15210842	22.4694101	22.6468525	0.376981175
2	15210842	15452289	22.6468525	22.6468526	4.1417E-07
2	15452289	15651698	22.6468526	22.8242963	0.889848001
2	15651698	16326332	22.8242963	23.3575371	0.790414951
2	16326332	17811660	23.3575371	26.4128426	2.056990443
2	17811660	17898053	26.4128426	26.6001639	2.16824627
2	17898053	17927279	26.6001639	26.7776193	6.071833299
2	17927279	18007864	26.7776193	27.1328828	4.408556183
2	18007864	18021346	27.1328828	27.5199359	28.7088785
2	18021346	18693726	27.5199359	33.3015202	8.598685713
2	18693726	18750056	33.3015202	33.8958112	10.55016865
2	18750056	18777732	33.8958112	34.0732511	6.411327504
2	18777732	18800290	34.0732511	34.4875815	18.36733753
2	18800290	18899439	34.4875815	35.3190903	8.386456747
2	18899439	18930998	35.3190903	35.3190904	3.16867E-06
2	18930998	19208761	35.3190904	37.4502732	7.672666266
2	19208761	19536785	37.4502732	41.7124432	12.99346999
2	19536785	19830389	41.7124432	44.5565171	9.686768232
2	19830389	20012559	44.5565171	46.9959207	13.39080859
2	20012559	20126065	46.9959207	48.3075732	11.55579881
2	20126065	20198343	48.3075732	49.0862914	10.77393121
2	20198343	20297049	49.0862914	50.9333594	18.71282394
2	20297049	20871566	50.9333594	57.6327093	11.66083841
2	20871566	20955834	57.6327093	57.8142656	2.154510609
2	20955834	21017516	57.8142656	58.1986475	6.231670504
2	21017516	21206815	58.1986475	59.9450217	9.225480325
2	21206815	21213734	59.9450217	60.1369055	27.73288047
2	21213734	21245472	60.1369055	60.9012632	24.08336064
2	21245472	21361230	60.9012632	62.7264969	15.76766789
2	21361230	21482193	62.7264969	63.3526154	5.176115837
2	21482193	21507499	63.3526154	63.3526155	3.95163E-06
2	21507499	21564554	63.3526155	63.3526156	1.75269E-06
2	21564554	21696833	63.3526156	63.9623956	4.609802009
2	21696833	21814245	63.9623956	64.7768075	6.936359997
2	21814245	21891616	64.7768075	65.3102893	6.895113156
2	21891616	21907917	65.3102893	65.3102894	6.13459E-06
2	21907917	21963567	65.3102894	65.3102895	1.79695E-06
2	21963567	21999411	65.3102895	65.8437855	14.88382993
2	21999411	22061012	65.8437855	66.3773099	8.660969789
2	22061012	22116617	66.3773099	66.5547637	3.191328118
2	22116617	22149462	66.5547637	66.9100875	10.81820064
2	22149462	22157165	66.9100875	67.2616799	45.64356744
3	689235	947277	0	1.1254999	4.36169267
3	947277	1199651	1.1254999	2.5256514	5.547922924
3	1199651	1653088	2.5256514	4.323577	3.965105627
3	1653088	1675886	4.323577	4.7782309	19.94270989
3	1675886	1878154	4.7782309	5.347115	2.81252645
3	1878154	2035076	5.347115	6.0586395	4.534255872
3	2035076	2289378	6.0586395	6.9487495	3.500208414
3	2289378	3898235	6.9487495	7.9872612	0.645496585
3	3898235	5214420	7.9872612	9.4458586	1.108200899
3	5214420	5246202	9.4458586	9.6232416	5.581240954
3	5246202	5263777	9.6232416	9.6232417	5.6899E-06
3	5263777	5350550	9.6232417	9.9784298	4.093302064
3	5350550	5585737	9.9784298	9.9784299	4.25194E-07
3	5585737	5618993	9.9784299	10.1558802	5.335888261
3	5618993	5647852	10.1558802	10.1558803	3.46512E-06
3	5647852	5890766	10.1558803	10.1558804	4.11668E-07
3	5890766	5965129	10.1558804	10.3333306	2.386270054
3	5965129	5991257	10.3333306	10.3333307	3.82731E-06
3	5991257	6510713	10.3333307	11.044948	1.369927963
3	6510713	6734210	11.044948	11.0449481	4.47433E-07
3	6734210	6810396	11.0449481	11.4001724	4.662592865
3	6810396	6994046	11.4001724	11.5775901	0.966064253
3	6994046	7498749	11.5775901	12.3360915	1.502866835
3	7498749	8346392	12.3360915	14.4389519	2.480832615
3	8346392	8515948	14.4389519	14.438952	5.89776E-07
3	8515948	8718045	14.438952	14.6163968	0.878017981
3	8718045	8808333	14.6163968	14.9716031	3.934147395
3	8808333	9127833	14.9716031	15.5048519	1.669010329
3	9127833	9509751	15.5048519	16.0380916	1.396215156
3	9509751	9608043	16.0380916	16.0380917	1.01738E-06
3	9608043	9871896	16.0380917	16.3932935	1.346210958
3	9871896	10116956	16.3932935	16.7484952	1.44944789
3	10116956	10178070	16.7484952	16.7484953	1.63629E-06
3	10178070	10195259	16.7484953	16.7484954	5.81767E-06
3	10195259	10388336	16.7484954	17.1037031	1.839720422
3	10388336	10492594	17.1037031	17.3401719	2.2681118
3	10492594	10789069	17.3401719	17.8142128	1.598923687
3	10789069	10901717	17.8142128	18.5258607	6.317448157
3	10901717	10954415	18.5258607	18.8810516	6.740121067
3	10954415	11013307	18.8810516	18.8810535	3.22624E-05
3	11013307	11137604	18.8810535	18.8810536	8.04525E-07
3	11137604	11311266	18.8810536	19.0726888	1.103495295
3	11311266	12505929	19.0726888	21.224804	1.801441243
3	12505929	12891582	21.224804	23.0312842	4.684211454
3	12891582	13014992	23.0312842	23.7093514	5.494426708
3	13014992	13197286	23.7093514	23.8949217	1.017972616
3	13197286	13964816	23.8949217	30.2050165	8.221300535
3	13964816	14416367	30.2050165	32.3797902	4.816230503
3	14416367	14460350	32.3797902	33.4743239	24.88538072
3	14460350	14525075	33.4743239	33.474324	1.545E-06
3	14525075	14693503	33.474324	35.4982273	12.01643017
3	14693503	14877319	35.4982273	38.7408445	17.64056013
3	14877319	15014394	38.7408445	39.9175386	8.58430859
3	15014394	15272237	39.9175386	40.700164	3.035278832
3	15272237	15812848	40.700164	41.8739063	2.171140247
3	15812848	15869592	41.8739063	42.4270616	9.748260609
3	15869592	15892690	42.4270616	42.7169011	12.54825093
3	15892690	16335987	42.7169011	47.7498077	11.35335136
4	473121	542603	0	0.0000001	1.43922E-06
4	542603	570692	0.0000001	0.0000002	3.56011E-06
4	570692	1090515	0.0000002	1.4287318	2.748496315
4	1090515	1372198	1.4287318	4.3023624	10.20164724
4	1372198	1416215	4.3023624	5.1709499	19.73300089
4	1416215	1646099	5.1709499	5.911881	3.223065111
4	1646099	1668285	5.911881	5.9118811	4.50735E-06
4	1668285	1700232	5.9118811	5.9118812	3.13018E-06
4	1700232	1710912	5.9118812	5.9118813	9.3633E-06
4	1710912	1840361	5.9118813	6.1185494	1.59652141
4	1840361	1944600	6.1185494	7.1586405	9.977945874
4	1944600	2337600	7.1586405	10.2470594	7.858572265
4	2337600	2344100	10.2470594	10.6567421	63.02810769
4	2344100	3183661	10.6567421	19.6266905	10.68409371
4	3183661	3541899	19.6266905	22.3937189	7.723994663
4	3541899	3763385	22.3937189	25.8779088	15.73097126
4	3763385	3778296	25.8779088	26.1032333	15.11129368
4	3778296	3830897	26.1032333	26.1032334	1.9011E-06
4	3830897	3846428	26.1032334	26.1032335	6.43874E-06
4	3846428	4185607	26.1032335	29.3346231	9.527092184
4	4185607	4188425	29.3346231	29.5405954	73.09166075
4	4188425	4637636	29.5405954	33.7127079	9.287645449
4	4637636	4897632	33.7127079	35.0884023	5.291213711
4	4897632	4967368	35.0884023	35.0884024	1.43398E-06
4	4967368	5235411	35.0884024	35.6748099	2.187736669
4	5235411	5255599	35.6748099	35.67481	4.95344E-06
4	5255599	5432665	35.67481	36.2082036	3.012399896
4	5432665	5455187	36.2082036	36.2082037	4.4401E-06
4	5455187	5552425	36.2082037	36.385645	1.824814373
4	5552425	5835065	36.385645	37.0975144	2.518643504
4	5835065	6024096	37.0975144	38.0878116	5.238808449
4	6024096	6309217	38.0878116	38.87894	2.774711088
4	6309217	6394434	38.87894	39.056375	2.082154969
4	6394434	6404573	39.056375	39.0563751	9.86291E-06
4	6404573	6467219	39.0563751	39.2338423	2.832857645
4	6467219	6474941	39.2338423	39.4112968	22.98038073
4	6474941	6528988	39.4112968	39.4113005	6.84589E-05
4	6528988	7234272	39.4113005	39.5887765	0.251637638
4	7234272	7343206	39.5887765	39.5887766	9.17987E-07
4	7343206	7366330	39.5887766	39.5887767	4.32451E-06
4	7366330	7733735	39.5887767	40.0330697	1.209273145
4	7733735	7965857	40.0330697	40.0330698	4.30808E-07
4	7965857	8262659	40.0330698	40.4773694	1.49695622
4	8262659	8895770	40.4773694	40.4773695	1.5795E-07
4	8895770	9103000	40.4773695	40.4773696	4.82556E-07
4	9103000	10235819	40.4773696	40.9036825	0.376329228
4	10235819	11192842	40.9036825	41.5443521	0.669440128
4	11192842	11693746	41.5443521	41.8996209	0.709255266
4	11693746	11850834	41.8996209	42.0770869	1.129723467
4	11850834	11984797	42.0770869	42.077087	7.46475E-07
4	11984797	12377328	42.077087	42.4323655	0.905096668
4	12377328	12797213	42.4323655	42.609826	0.422640723
4	12797213	12808684	42.609826	42.6098261	8.71764E-06
4	12808684	12831063	42.6098261	42.6098262	4.46847E-06
4	12831063	12962773	42.6098262	43.143249	4.0499795
4	12962773	13354106	43.143249	43.4985097	0.907821983
4	13354106	14024922	43.4985097	43.8537793	0.529608119
4	14024922	14163640	43.8537793	43.8537794	7.20887E-07
4	14163640	14417576	43.8537794	44.2803398	1.679794909
4	14417576	15014326	44.2803398	44.4932232	0.356737997
4	15014326	15026625	44.4932232	44.4932233	8.13074E-06
4	15026625	15459588	44.4932233	44.9197677	0.985175177
4	15459588	15482691	44.9197677	44.9197678	4.32844E-06
4	15482691	15631335	44.9197678	44.9197679	6.72748E-07
4	15631335	16142957	44.9197679	45.4531714	1.042573423
4	16142957	17215623	45.4531714	45.4531715	9.32257E-08
4	17215623	17771380	45.4531715	45.4531716	1.79935E-07
4	28016527	27850533	45.986575	45.9865751	6.02431E-07
4	27850533	27333098	45.9865751	45.9865752	1.93261E-07
4	27333098	27187528	45.9865752	45.9865753	6.86955E-07
4	27187528	26874807	45.9865753	45.9865754	3.19774E-07
4	26874807	26761764	45.9865754	45.9865755	8.84619E-07
4	26761764	26337949	45.9865755	45.9865756	2.35952E-07
4	26337949	26331521	45.9865756	45.9865757	1.55569E-05
4	26331521	24536930	45.9865757	46.3418543	0.197971906
4	24536930	23476881	46.3418543	46.3418544	9.43353E-08
4	23476881	23345982	46.3418544	46.3418545	7.63948E-07
4	23345982	22417602	46.3418545	46.3418546	1.07715E-07
4	22417602	22054581	46.3418546	46.3418547	2.75466E-07
4	22054581	22027974	46.3418547	46.3418548	3.75841E-06
4	22027974	21761682	46.3418548	46.3418549	3.75528E-07
4	21761682	21628064	46.3418549	46.341855	7.48402E-07
4	21628064	21388053	46.341855	46.697147	1.480315486
4	21388053	20463111	46.697147	46.8746108	0.191864787
4	20463111	20426041	46.8746108	46.8746109	2.6976E-06
4	20426041	20387366	46.8746109	46.874611	2.58565E-06
4	20387366	19344934	46.874611	48.1243658	1.198883764
4	19344934	19337115	48.1243658	48.1243659	1.27894E-05
4	19337115	18880314	48.1243659	48.836335	1.558597945
4	18880314	18501378	48.836335	49.5483749	1.879050552
4	18501378	18403594	49.5483749	49.9036717	3.633486051
4	18403594	18291569	49.9036717	50.0811389	1.584174961
4	18291569	18211421	50.0811389	50.081139	1.24769E-06
4	18211421	18028139	50.081139	50.0811391	5.45607E-07
4	18028139	18026184	50.0811391	50.0811392	5.11509E-05
4	18026184	17957102	50.0811392	50.0811393	1.44755E-06
4	28451235	28460920	50.6146145	50.6146146	1.03252E-05
4	28460920	28479446	50.6146146	50.6146147	5.39782E-06
4	28479446	29406006	50.6146147	52.6651469	2.213059273
4	29406006	29785599	52.6651469	54.5895129	5.069550808
4	29785599	30047318	54.5895129	55.8201117	4.701984953
4	30047318	30375117	55.8201117	57.6037139	5.441145946
4	30375117	30590473	57.6037139	58.5399095	4.347199985
4	30590473	30769439	58.5399095	59.5749616	5.783512511
4	30769439	30847949	59.5749616	60.5145279	11.96747293
4	30847949	31019699	60.5145279	61.3087742	4.624432606
4	31019699	31078625	61.3087742	61.5239332	3.651342362
4	31078625	31085525	61.5239332	61.5239333	1.44928E-05
4	31085525	31245885	61.5239333	62.8006247	7.961408082
4	31245885	31347117	62.8006247	63.7509349	9.387448633
4	31347117	31632597	63.7509349	66.7087303	10.36077974
4	31632597	31663162	66.7087303	66.9199302	6.909860952
4	31663162	32116000	66.9199302	73.1722321	13.80692853
4	32116000	32230020	73.1722321	73.5366334	3.19594194
4	32230020	32309121	73.5366334	73.8919228	4.491591762
4	32309121	32343704	73.8919228	74.2471945	10.27301564
4	32343704	32458301	74.2471945	74.2471946	8.72623E-07
5	7086954	6892401	1.4214073	1.4214074	5.13999E-07
5	6892401	6807322	1.4214074	1.4214075	1.17538E-06
5	6807322	6361256	1.4214075	1.4214076	2.24182E-07
5	6361256	6322067	1.4214076	1.4214077	2.55174E-06
5	6322067	6319659	1.4214077	1.4214078	4.15282E-05
5	6319659	6153181	1.4214078	1.4214079	6.0068E-07
5	6153181	5706086	1.4214079	1.421408	2.23666E-07
5	5706086	5597095	1.421408	1.4214081	9.17507E-07
5	5597095	5584481	1.4214081	1.4214082	7.9277E-06
5	5584481	5204953	1.4214082	1.9549608	1.405831981
5	5204953	4621983	1.9549608	2.5865423	1.083385938
5	4621983	3853817	2.5865423	4.2374315	2.149130787
5	3853817	3764951	4.2374315	4.455879	2.458167353
5	3764951	3757033	4.455879	4.4558791	1.26295E-05
5	3757033	3652212	4.4558791	4.8112181	3.389960027
5	3652212	3358232	4.8112181	4.9886345	0.603498197
5	3358232	2492909	4.9886345	6.3235116	1.542634484
5	2492909	1832717	6.3235116	7.8249949	2.274313079
5	1832717	1648713	7.8249949	8.0615188	1.285428034
5	1648713	1465834	8.0615188	9.0126559	5.200909344
5	1465834	948406	9.0126559	11.4151225	4.643093532
5	948406	855049	11.4151225	11.6012167	1.993360969
5	855049	580662	11.6012167	11.7874258	0.678636743
5	580662	503006	11.7874258	11.7874259	1.28773E-06
5	503006	7957900	11.7874259	17.4284259	9.672231215
5	7957900	8024392	17.4284259	17.8286166	6.018629309
5	8024392	8175618	17.8286166	18.0060781	1.173485379
5	8175618	8185268	18.0060781	18.0060782	1.03627E-05
5	8185268	8212202	18.0060782	18.0060783	3.71278E-06
5	8212202	8238830	18.0060783	18.0060784	3.75545E-06
5	8238830	8359716	18.0060784	19.1568961	9.51962296
5	8359716	8893603	19.1568961	23.0215884	7.238823977
5	8893603	9031323	23.0215884	24.3152772	9.393616033
5	9031323	9088178	24.3152772	24.9049367	10.37128661
5	9088178	9498771	24.9049367	26.1748603	3.092901243
5	9498771	9625295	26.1748603	27.1227905	7.492097942
5	9625295	9836684	27.1227905	27.8802418	3.583210574
5	9836684	9852420	27.8802418	28.0576718	11.27541942
5	9852420	9924842	28.0576718	28.6375538	8.006986827
5	9924842	10445636	28.6375538	34.4466995	11.15440212
5	10445636	10474164	34.4466995	34.6528913	7.227699103
5	10474164	10491281	34.6528913	34.6528914	5.84215E-06
5	10491281	11719344	34.6528914	42.2945874	14.43272707
5	11719344	11668535	42.2945874	42.4718932	3.489653408
5	11668535	11660557	42.4718932	42.6491645	22.22001755
5	11660557	11331388	42.6491645	46.7407771	12.43012738
5	11331388	11274417	46.7407771	46.958388	3.819678433
5	11274417	11124668	46.958388	47.156713	1.324382801
5	11124668	11783981	47.156713	48.9630271	10.71653061
5	11783981	11951898	48.9630271	49.1452663	1.085293329
5	11951898	11963962	49.1452663	49.1452664	8.28912E-06
5	11963962	25951943	49.1452664	49.8571232	2.185480212
6	3176945	2894532	4.7273925	4.7273926	3.54091E-07
6	2894532	2309759	4.7273926	5.9775903	2.137919671
6	2309759	2126345	5.9775903	6.1549805	0.96715736
6	2126345	1974172	6.1549805	7.0460365	5.85554599
6	1974172	1671088	7.0460365	8.1944424	3.789068047
6	1671088	1477593	8.1944424	8.6505019	2.356957544
6	1477593	1460813	8.6505019	8.650502	5.95948E-06
6	1460813	1378226	8.650502	9.0058213	4.302363568
6	1378226	1348888	9.0058213	9.0058214	3.40855E-06
6	1348888	1157676	9.0058214	9.2423326	1.236905634
6	1157676	1010580	9.2423326	9.7166342	3.224435743
6	1010580	954425	9.7166342	9.8940999	3.160283145
6	954425	941164	9.8940999	9.8941	7.54091E-06
6	941164	839475	9.8941	9.8941001	9.83391E-07
6	839475	4644378	9.8941001	14.0773926	2.931379474
6	4644378	4691127	14.0773926	14.254657	3.79183298
6	4691127	4803218	14.254657	14.4321214	1.583217207
6	4803218	4848625	14.4321214	14.7531758	7.07059264
6	4848625	5118295	14.7531758	16.3980384	6.099538695
6	5118295	5346137	16.3980384	16.3980385	4.38901E-07
6	5346137	5380914	16.3980385	16.5755041	5.102958852
6	5380914	6007515	16.5755041	17.2874703	1.13623534
6	6007515	6024599	17.2874703	17.2874704	5.85343E-06
6	6024599	6165315	17.2874704	17.6934246	2.884918559
6	6165315	6545294	17.6934246	18.507991	2.143714258
6	6545294	6970521	18.507991	18.7106306	0.476544528
6	6970521	7287592	18.7106306	19.0659125	1.120512125
6	7287592	8010236	19.0659125	19.5993651	0.738195571
6	8010236	8075918	19.5993651	19.9546348	5.408935477
6	8075918	8097004	19.9546348	19.9546349	4.74248E-06
6	8097004	8363496	19.9546349	20.1762188	0.831484247
6	8363496	8826854	20.1762188	20.8437923	1.440729414
6	8826854	9145321	20.8437923	21.6752072	2.610678343
6	9145321	9206839	21.6752072	22.0894907	6.734346045
6	9206839	9312560	22.0894907	22.0894908	9.45886E-07
6	9312560	9824191	22.0894908	23.6989632	3.145767946
6	9824191	9840051	23.6989632	23.6989633	6.30517E-06
6	9840051	9887887	23.6989633	23.6989634	2.09048E-06
6	9887887	9963262	23.6989634	23.6989635	1.3267E-06
6	9963262	9980244	23.6989635	23.8764295	10.45024143
6	9980244	10032451	23.8764295	23.8764296	1.91545E-06
6	10032451	10190034	23.8764296	23.8764297	6.34586E-07
6	10190034	10524303	23.8764297	24.0538946	0.530904451
6	10524303	10534349	24.0538946	24.0538947	9.95421E-06
6	10534349	10593734	24.0538947	24.2313595	2.988377536
6	10593734	10754676	24.2313595	24.2313596	6.21342E-07
6	10754676	10955667	24.2313596	24.9431971	3.54163868
6	10955667	10986677	24.9431971	24.9431972	3.22477E-06
6	10986677	11005734	24.9431972	25.1206621	9.312320932
6	11005734	11046331	25.1206621	25.1206622	2.46324E-06
6	11046331	11206670	25.1206622	25.1206623	6.23679E-07
6	11206670	11381093	25.1206623	26.0112656	5.105996916
6	11381093	11421611	26.0112656	26.2330188	5.47295523
6	11421611	11577919	26.2330188	26.4547921	1.418822453
6	11577919	11863496	26.4547921	26.899244	1.556329466
6	11863496	12009218	26.899244	26.8992441	6.86238E-07
6	12009218	12241310	26.8992441	27.7897804	3.836996967
6	12241310	12603599	27.7897804	28.6803836	2.458267295
6	12603599	12733534	28.6803836	28.9168437	1.819833763
6	12733534	12967297	28.9168437	29.3910232	2.028462588
6	12967297	13009837	29.3910232	29.3910233	2.35073E-06
6	13009837	13133848	29.3910233	29.391027	2.98361E-05
6	13133848	13171606	29.391027	29.5684748	4.69960803
6	13171606	13297627	29.5684748	30.1018975	4.232808024
6	13297627	13304445	30.1018975	30.1018976	1.46671E-05
6	13304445	14010981	30.1018976	33.9447258	5.43897013
6	14010981	14254292	33.9447258	36.5201005	10.58470312
6	14254292	14388119	36.5201005	37.1906955	5.010909607
6	14388119	14411149	37.1906955	37.4932938	13.1393096
6	14411149	14412891	37.4932938	37.4932939	5.74053E-05
6	14412891	14519667	37.4932939	38.5644048	10.03138252
6	14519667	14585702	38.5644048	39.096289	8.054580147
6	14585702	14681607	39.096289	39.9707601	9.118097075
6	14681607	14785568	39.9707601	40.8452698	8.411901578
6	14785568	14874512	40.8452698	41.2326011	4.354777163
6	14874512	15086016	41.2326011	42.6456166	6.680797999
6	15086016	15171259	42.6456166	44.3319849	19.78307075
6	15171259	15237087	44.3319849	46.4234452	31.77159112
6	15237087	15270971	46.4234452	46.6007933	5.233977689
6	15270971	15292785	46.6007933	47.1341738	24.45129275
6	15292785	15295473	47.1341738	47.1341739	3.72024E-05
6	15295473	15420200	47.1341739	48.5630133	11.45573452
6	15420200	15666858	48.5630133	52.2573178	14.97743637
6	15666858	15801739	52.2573178	53.5632273	9.681938153
6	15801739	16172161	53.5632273	57.4164335	10.40220667
6	16172161	16490868	57.4164335	59.5394473	6.661334078
6	16490868	16538684	59.5394473	59.921332	7.986546344
6	16538684	16724718	59.921332	59.9213321	5.37536E-07
6	16724718	33196456	59.9213321	60.4546329	1.469273685
7	425151	1100590	0	2.9666883	4.392237197
7	1100590	1191114	2.9666883	3.5912042	6.898898635
7	1191114	1312879	3.5912042	4.4816904	7.313154026
7	1312879	1449333	4.4816904	5.015013	3.908442405
7	1449333	1526446	5.015013	5.5814226	7.345189527
7	1526446	2681223	5.5814226	10.8510355	4.563316467
7	2681223	2689863	10.8510355	10.8510356	1.15741E-05
7	2689863	2724507	10.8510356	10.8510357	2.8865E-06
7	2724507	2822541	10.8510357	11.1445201	2.993700145
7	2822541	2979646	11.1445201	11.748442	3.844065434
7	2979646	3054493	11.748442	12.1250331	5.031478884
7	3054493	4200604	12.1250331	22.9742444	9.466108693
7	4200604	4315400	22.9742444	23.5673125	5.166278442
7	4315400	4400747	23.5673125	24.5709185	11.75912452
7	4400747	4970139	24.5709185	26.2424328	2.935612548
7	4970139	5132335	26.2424328	27.0723655	5.116850601
7	5132335	5242300	27.0723655	27.6315551	5.085159824
7	5242300	6717363	27.6315551	30.8468078	2.179739238
7	6717363	6786381	30.8468078	31.0336237	2.706770697
7	6786381	6790304	31.0336237	31.0336238	2.54907E-05
7	6790304	6951931	31.0336238	31.0336239	6.18708E-07
7	6951931	6979666	31.0336239	31.033624	3.60555E-06
7	6979666	7793574	31.033624	33.7326813	3.316170009
7	7793574	7907507	33.7326813	33.9100056	1.556391037
7	7907507	8482600	33.9100056	34.2652511	0.617718352
7	8482600	8687337	34.2652511	34.7393989	2.315887211
7	8687337	8833524	34.7393989	34.9758814	1.617671202
7	8833524	9020343	34.9758814	34.9758815	5.35277E-07
7	9020343	9127448	34.9758815	35.1533407	1.656871295
7	9127448	9261517	35.1533407	35.1533408	7.45885E-07
7	9261517	9265484	35.1533408	35.1533409	2.5208E-05
7	9265484	9515591	35.1533409	35.3308002	0.70953352
7	9515591	9549817	35.3308002	35.3308003	2.92176E-06
7	9549817	9744915	35.3308003	35.3308004	5.12563E-07
7	9744915	10034956	35.3308004	35.3308005	3.44779E-07
7	10675937	11386868	35.6857195	35.6857196	1.40661E-07
7	11386868	11412444	35.6857196	35.6857197	3.90992E-06
7	11412444	11975971	35.6857197	35.6857198	1.77454E-07
7	11975971	12153130	35.6857198	35.6857199	5.64465E-07
7	12153130	12647618	35.6857199	36.0409531	0.718385886
7	12647618	12791087	36.0409531	36.0409532	6.97015E-07
7	12791087	12806299	36.0409532	36.0409533	6.57376E-06
7	12806299	12830056	36.0409533	36.0409534	4.20929E-06
7	12830056	13077680	36.0409534	36.0409535	4.03838E-07
7	13077680	13161274	36.0409535	36.0409536	1.19626E-06
7	13161274	13171614	36.0409536	36.0409537	9.67118E-06
7	13171614	13283828	36.0409537	36.0409538	8.91154E-07
7	13283828	13526526	36.0409538	36.2184142	0.731198444
7	13526526	13533361	36.2184142	36.2184143	1.46306E-05
7	13533361	13560983	36.2184143	36.2184144	3.6203E-06
7	13560983	13676032	36.2184144	36.2184145	8.69195E-07
7	13676032	13721150	36.2184145	36.2184146	2.21641E-06
7	13721150	14106168	36.2184146	36.5736524	0.922652447
7	14106168	14428187	36.5736524	36.5736525	3.10541E-07
7	14428187	15030275	36.5736525	36.5736526	1.66089E-07
7	15030275	15829821	36.5736526	36.5736527	1.25071E-07
7	15829821	15966248	36.5736527	36.5736528	7.32993E-07
7	15966248	16171544	36.5736528	36.8289826	1.243715416
7	16171544	16360004	36.8289826	36.8289827	5.30617E-07
7	16360004	16762504	36.8289827	37.1560952	0.812701863
7	16762504	16810385	37.1560952	37.365326	4.369808484
7	16810385	17521318	37.365326	37.9951719	0.885942698
7	17521318	17534417	37.9951719	37.995172	7.63417E-06
7	17534417	17631529	37.995172	37.9951721	1.02974E-06
7	17631529	17692696	37.9951721	37.9951722	1.63487E-06
7	17692696	17778146	37.9951722	37.9951723	1.17028E-06
7	17778146	17808271	37.9951723	37.9951724	3.3195E-06
7	17808271	17939909	37.9951724	38.4382618	3.365968793
7	17939909	18979311	38.4382618	39.778373	1.289309815
7	18979311	19048568	39.778373	39.7783731	1.4439E-06
7	19048568	19585037	39.7783731	40.311739	0.994215696
7	19585037	19688901	40.311739	40.3117391	9.62797E-07
7	19688901	19718975	40.3117391	40.3117392	3.32513E-06
7	19718975	19859123	40.3117392	40.3117393	7.13531E-07
7	19859123	19933165	40.3117393	40.6669907	4.797971422
7	19933165	20102808	40.6669907	40.6669908	5.89473E-07
7	20102808	20318471	40.6669908	40.8444555	0.822879678
7	20318471	20325655	40.8444555	40.8444556	1.39198E-05
7	20325655	21521036	40.8444556	42.3984309	1.299983269
7	21521036	21751570	42.3984309	42.398431	4.33776E-07
7	21751570	22065550	42.398431	43.0898438	2.202091853
7	22065550	22707622	43.0898438	44.7773863	2.628276112
7	22707622	23004920	44.7773863	45.6330746	2.878217479
7	23004920	23011616	45.6330746	45.6330747	1.49343E-05
7	23011616	23182246	45.6330747	46.1986664	3.314726015
7	23182246	23226790	46.1986664	46.5538438	7.973630568
7	23226790	23438898	46.5538438	47.9826677	6.736303675
7	23438898	23841915	47.9826677	47.9826678	2.48128E-07
7	23841915	24227114	47.9826678	51.4117368	8.902071397
7	24227114	24427972	51.4117368	52.4808697	5.322829561
7	24427972	24586757	52.4808697	52.6728648	1.209151368
7	24586757	25024356	52.6728648	54.7658759	4.78294306
7	25024356	25190501	54.7658759	56.2359122	8.847911764
7	25190501	25513364	56.2359122	59.8469929	11.18456032
7	25513364	25566325	59.8469929	60.3208775	8.9478031
7	25566325	25597997	60.3208775	60.5573457	7.466159384
7	25597997	25606763	60.5573457	60.5573458	1.14077E-05
7	25606763	25821498	60.5573458	62.2981268	8.106647729
7	25821498	25874173	62.2981268	62.9273188	11.94479355
7	25874173	26095403	62.9273188	64.5651457	7.40327668
7	26095403	26384089	64.5651457	66.6355551	7.171838607
7	26384089	26399533	66.6355551	66.6355552	6.47501E-06
7	26399533	26428014	66.6355552	66.8281554	6.762410028
7	26428014	26534646	66.8281554	68.8455214	18.91895491
7	26534646	27044475	68.8455214	72.7499517	7.658313474
7	27044475	27051683	72.7499517	72.9384811	26.15557714
8	1094730	1191744	0	0.0000001	1.03078E-06
8	1191744	1547346	0.0000001	1.6450182	4.626009134
8	1547346	1697501	1.6450182	2.1854309	3.599032333
8	1697501	2438251	2.1854309	5.3465479	4.267454607
8	2438251	3279438	5.3465479	10.4872793	6.111282509
8	3279438	3339670	10.4872793	11.0369836	9.126449396
8	3339670	3346559	11.0369836	11.0369837	1.45159E-05
8	3346559	3360590	11.0369837	11.214415	12.64566317
8	3360590	3716823	11.214415	12.0695723	2.400556097
8	3716823	3812237	12.0695723	12.2822082	2.228560798
8	3812237	3940602	12.2822082	12.459668	1.382462509
8	3940602	3972175	12.459668	12.6371165	5.620260982
8	3972175	4021860	12.6371165	13.051634	8.342910335
8	4021860	4072681	13.051634	13.2585299	4.071071014
8	4072681	4250749	13.2585299	13.8813123	3.497441427
8	4250749	4265000	13.8813123	13.8813124	7.01705E-06
8	4265000	4349580	13.8813124	14.2365734	4.200295578
8	4349580	4370307	14.2365734	14.2365735	4.82462E-06
8	4370307	4672670	14.2365735	14.4140383	0.58692631
8	4672670	4689088	14.4140383	14.4140384	6.09088E-06
8	4689088	4728002	14.4140384	14.4140385	2.56977E-06
8	4728002	4976511	14.4140385	15.7244885	5.273249661
8	4976511	6437224	15.7244885	18.2230885	1.710534513
8	6437224	7518580	18.2230885	19.068742	0.782030617
8	7518580	7856752	19.068742	19.6345823	1.673232261
8	7856752	9762849	19.6345823	22.117299	1.302513303
8	9762849	10224305	22.117299	22.1172991	2.16705E-07
8	10224305	10297536	22.1172991	22.1172992	1.36554E-06
8	10297536	11554739	22.1172992	23.1075454	0.787658159
8	11554739	12280091	23.1075454	23.8986201	1.090608008
8	12280091	12335288	23.8986201	23.8986202	1.81169E-06
8	12335288	12532227	23.8986202	23.8986203	5.07771E-07
8	12532227	12551673	23.8986203	23.8986204	5.14245E-06
8	12551673	12554906	23.8986204	23.8986205	3.0931E-05
8	12554906	12596803	23.8986205	23.8986206	2.38681E-06
8	12596803	12722791	23.8986206	24.156558	2.047317205
8	12722791	12811458	24.156558	24.4679795	3.512259352
8	12811458	12836874	24.4679795	24.4679796	3.93453E-06
8	12836874	12869035	24.4679796	24.4679797	3.10936E-06
8	12869035	13135074	24.4679797	25.6539371	4.457832874
8	13135074	13364245	25.6539371	25.857112	0.886564618
8	13364245	13586623	25.857112	26.3904438	2.398311883
8	13586623	14091256	26.3904438	27.4601429	2.119756536
8	14091256	14145406	27.4601429	27.6933608	4.306886427
8	14145406	14149245	27.6933608	27.6933609	2.60484E-05
8	14149245	14166631	27.6933609	28.2013682	29.21933165
8	14166631	14757905	28.2013682	29.4296407	2.077332167
8	14757905	15029927	29.4296407	30.6263345	4.399253737
8	15029927	15072896	30.6263345	30.8456607	5.104289139
8	15072896	15093665	30.8456607	30.8456608	4.81487E-06
8	15093665	15261306	30.8456608	32.2747718	8.524829845
8	15261306	15321058	32.2747718	32.2747719	1.67358E-06
8	15321058	15338487	32.2747719	32.4642343	10.87052613
8	15338487	16066742	32.4642343	36.2956576	5.261101263
8	16066742	16224523	36.2956576	37.660388	8.649523073
8	16224523	16247484	37.660388	37.9035217	10.58898567
8	16247484	16515184	37.9035217	39.8354536	7.216779604
8	16515184	16563085	39.8354536	40.0128073	3.702505167
8	16563085	16681552	40.0128073	40.7778205	6.457605916
8	16681552	17256708	40.7778205	47.3504249	11.42751601
8	17256708	17286561	47.3504249	47.5317409	6.073627441
8	17286561	17389682	47.5317409	48.0778577	5.295883477
8	17389682	17408602	48.0778577	48.0778578	5.28541E-06
8	17408602	17444137	48.0778578	48.0778579	2.81413E-06
8	17444137	17550104	48.0778579	48.7896249	6.716874121
8	17550104	17555518	48.7896249	48.789625	1.84706E-05
8	17555518	17595927	48.789625	49.1931054	9.984914252
8	17595927	17716252	49.1931054	50.9370427	14.49355745
8	17716252	17921865	50.9370427	52.3187782	6.720078497
8	17921865	18000939	52.3187782	52.8731134	7.010334623
8	18000939	18120997	52.8731134	53.4724172	4.991785637
8	18120997	18142786	53.4724172	54.8205721	61.87318831
8	18142786	18228946	54.8205721	55.3357066	5.978812674
8	18228946	18257821	55.3357066	55.5683313	8.056266667
8	18257821	18268378	55.5683313	55.5683314	9.47239E-06
8	18268378	18364603	55.5683314	56.4127931	8.775907508
8	18364603	18882338	56.4127931	57.8363018	2.749492887
8	18882338	19083871	57.8363018	58.421282	2.902652171
8	19083871	19362031	58.421282	58.4212821	3.59505E-07
9	166583	247017	0	0.0000001	1.24326E-06
9	247017	268182	0.0000001	0.0000002	4.72478E-06
9	268182	621952	0.0000002	1.5309945	4.327654408
9	621952	819101	1.5309945	1.9641272	2.196981471
9	819101	856713	1.9641272	2.3193704	9.444943103
9	856713	1204167	2.3193704	3.3894918	3.079893741
9	1204167	1254658	3.3894918	3.7447164	7.035404329
9	1254658	1486919	3.7447164	4.635547	3.835472163
9	1486919	1560857	4.635547	5.4849969	11.48867835
9	1560857	1677322	5.4849969	6.8368362	11.60725797
9	1677322	1702357	6.8368362	7.2083629	14.84029159
9	1702357	1887334	7.2083629	9.4647642	12.19828033
9	1887334	1955021	9.4647642	10.1765335	10.51559827
9	1955021	2053770	10.1765335	11.4096445	12.48732645
9	2053770	2083883	11.4096445	11.7132146	10.08103145
9	2083883	2195513	11.7132146	12.0957118	3.42647317
9	2195513	2222747	12.0957118	12.2866993	7.012833223
9	2222747	2343163	12.2866993	12.6692093	3.17657122
9	2343163	2800793	12.6692093	12.8466706	0.387783362
9	2800793	2855254	12.8466706	12.8466707	1.83618E-06
9	2855254	2992264	12.8466707	12.8466708	7.29874E-07
9	2992264	3744470	12.8466708	13.2019629	0.47233351
9	3744470	17599885	13.2019629	13.3794267	0.206585063
9	17599885	17574912	13.3794267	13.3794268	4.00432E-06
9	17574912	17564569	13.3794268	13.3794269	9.66837E-06
9	17564569	17261886	13.3794269	13.7347235	1.1738241
9	17261886	17094543	13.7347235	13.9121594	1.060312651
9	17094543	16825299	13.9121594	14.6660572	2.800054226
9	16825299	16725587	14.6660572	14.6660573	1.00289E-06
9	16725587	16589703	14.6660573	14.8768168	1.551025139
9	16589703	14907510	14.8768168	16.368378	0.886676618
9	14907510	14751929	16.368378	17.1227947	4.84902848
9	14751929	14512943	17.1227947	17.1227948	4.18435E-07
9	14512943	14298974	17.1227948	17.1227949	4.67357E-07
9	14298974	13978359	17.1227949	17.3002743	0.553559253
9	13978359	13968048	17.3002743	17.3002744	9.69838E-06
9	13968048	13834675	17.3002744	17.4777539	1.330700367
9	13834675	13561984	17.4777539	17.6552322	0.650840328
9	13561984	13419738	17.6552322	17.6552323	7.03007E-07
9	13419738	13240233	17.6552323	17.6552324	5.57088E-07
9	13240233	13052116	17.6552324	17.8326748	0.943255527
9	13052116	12670351	17.8326748	18.7236835	2.333919296
9	12670351	12634776	18.7236835	18.7236836	2.81096E-06
9	12634776	12390505	18.7236836	18.9011309	0.726436212
9	12390505	11151146	18.9011309	19.7056221	0.649118778
9	11151146	10956660	19.7056221	20.4583429	3.870308403
9	10956660	10651422	20.4583429	21.3236951	2.835008092
9	10651422	10508204	21.3236951	21.3236952	6.98236E-07
9	10508204	10492913	21.3236952	21.6087623	18.64280296
9	10492913	10254239	21.6087623	21.8938266	1.194366793
9	10254239	9659641	21.8938266	22.4054641	0.860476322
9	9659641	9538508	22.4054641	22.6384395	1.923302486
9	9538508	9304005	22.6384395	22.6384396	4.26434E-07
9	9304005	9238004	22.6384396	22.6384397	1.51513E-06
9	9238004	8200808	22.6384397	22.9937771	0.342594264
9	8200808	8175686	22.9937771	22.9937772	3.98057E-06
9	8175686	8064568	22.9937772	23.1712534	1.597186774
9	8064568	7834840	23.1712534	23.5265999	1.546814058
9	7834840	7769974	23.5265999	23.8819508	5.478230506
9	7769974	7722698	23.8819508	23.8819509	2.11524E-06
9	7722698	7584064	23.8819509	24.2372452	2.562822251
9	7584064	7117324	24.2372452	25.5353986	2.781320221
9	7117324	7048249	25.5353986	25.7263898	2.76498299
9	7048249	6311427	25.7263898	29.0929316	4.569002826
9	6311427	6028150	29.0929316	30.3546857	4.454135352
9	6028150	5881002	30.3546857	30.7705028	2.825842689
9	5881002	5744996	30.7705028	32.7671864	14.68084937
9	5744996	5606897	32.7671864	33.6069262	6.080708767
9	5606897	5514942	33.6069262	33.9927646	4.195948018
9	5514942	5372611	33.9927646	35.3579338	9.591509931
9	5372611	5337041	35.3579338	35.7131702	9.986966545
9	5337041	5330824	35.7131702	35.7131703	1.60849E-05
9	5330824	5113226	35.7131703	35.7131704	4.59563E-07
9	5113226	18068413	35.7131704	46.5254328	11.052669
9	18068413	18381630	46.5254328	48.7015944	6.947776142
9	18381630	18381939	48.7015944	48.9244212	721.1223301
9	18381939	18512790	48.9244212	51.657594	20.88767224
9	18512790	18692315	51.657594	51.8647627	1.153982454
9	18692315	18800654	51.8647627	51.8647628	9.23029E-07
9	18800654	19075284	51.8647628	53.0353259	4.262327859
9	19075284	19238247	53.0353259	53.5685641	3.272142756
9	19238247	19244809	53.5685641	53.5685642	1.52393E-05
9	19244809	19249985	53.5685642	53.5685643	1.93199E-05
9	19249985	19264765	53.5685643	53.5685644	6.7659E-06
9	19264765	19267062	53.5685644	53.5685645	4.3535E-05
10	272920	1530340	1.9723888	2.1497584	0.141058358
10	1530340	1709708	2.1497584	2.6240408	2.644186254
10	1709708	1905097	2.6240408	2.8605517	1.210461694
10	1905097	1922010	2.8605517	2.8605518	5.91261E-06
10	1922010	1983948	2.8605518	3.7456139	14.28948465
10	1983948	2341568	3.7456139	4.5814858	2.337318662
10	2341568	2345242	4.5814858	4.8196679	64.82909635
10	2345242	2381542	4.8196679	4.819668	2.75482E-06
10	2381542	2530679	4.819668	5.1749918	2.382532839
10	2530679	2565162	5.1749918	5.1749919	2.89998E-06
10	2565162	2647384	5.1749919	5.7085288	6.488979835
10	2647384	2648428	5.7085288	5.7085289	9.57854E-05
10	2648428	2667250	5.7085289	5.925532	11.52922644
10	2667250	3077683	5.925532	6.6797221	1.837547419
10	3077683	3115430	6.6797221	6.961702	7.470259888
10	3115430	3196904	6.961702	7.149949	2.310516238
10	3196904	4853146	7.149949	12.6242584	3.305259376
10	4853146	4858736	12.6242584	12.6242585	1.78891E-05
10	4858736	4933242	12.6242585	12.8894548	3.559395216
10	4933242	4978844	12.8894548	13.2141168	7.119468444
10	4978844	5681492	13.2141168	14.0552019	1.19702198
10	5681492	5839021	14.0552019	14.2916672	1.501090593
10	5839021	6069341	14.2916672	14.7658197	2.058668374
10	6069341	6226166	14.7658197	14.7658198	6.37653E-07
10	6226166	6362687	14.7658198	14.7658199	7.32488E-07
10	6362687	6407379	14.7658199	14.9432788	3.970708404
10	6407379	6435066	14.9432788	14.9432826	0.000137249
10	6435066	6439737	14.9432826	14.9432827	2.14087E-05
10	6439737	6444407	14.9432827	14.9432828	2.14133E-05
10	6444407	6472575	14.9432828	14.9432829	3.55013E-06
10	6472575	6562987	14.9432829	14.943283	1.10605E-06
10	6562987	6687070	14.943283	14.9432831	8.05912E-07
10	6687070	7439988	14.9432831	15.8338419	1.182809815
10	7439988	8133095	15.8338419	16.3670888	0.769357257
10	8133095	8404130	16.3670888	16.3670889	3.68956E-07
10	8404130	9116319	16.3670889	18.3378499	2.767188204
10	9116319	9252991	18.3378499	18.33785	7.31679E-07
10	9252991	9287625	18.33785	18.3378501	2.88734E-06
10	9287625	9294364	18.3378501	18.3378502	1.4839E-05
10	9294364	9642285	18.3378502	19.228558	2.560086341
10	9642285	9852932	19.228558	19.6728283	2.109074898
10	9852932	10031168	19.6728283	20.117128	2.492760722
10	10031168	10195434	20.117128	20.2945828	1.080289287
10	10195434	10254749	20.2945828	20.2945829	1.68591E-06
10	10254749	10405463	20.2945829	20.6498469	2.357206364
10	10405463	10806612	20.6498469	21.2055788	1.385350331
10	10806612	10814121	21.2055788	21.2055789	1.33174E-05
10	10814121	11652091	21.2055789	24.7869404	4.273854076
10	11652091	11662192	24.7869404	24.9808543	19.1974953
10	11662192	11668382	24.9808543	25.3361456	57.3976252
10	11668382	11692484	25.3361456	25.6914007	14.73965231
10	11692484	11758717	25.6914007	26.6053903	13.79961047
10	11758717	11841756	26.6053903	27.3116326	8.504947073
10	11841756	11931426	27.3116326	27.9798309	7.451748634
10	11931426	12525650	27.9798309	33.6044399	9.465469251
10	12525650	12557275	33.6044399	34.2108239	19.17419763
10	12557275	12983444	34.2108239	37.9723435	8.82635668
10	12983444	13055132	37.9723435	38.7436028	10.75855513
10	13055132	13096360	38.7436028	39.4555111	17.26759241
10	13096360	13103183	39.4555111	39.4555112	1.46563E-05
10	13103183	13146065	39.4555112	39.8107898	8.285028683
10	13146065	13162614	39.8107898	39.8107899	6.04266E-06
10	13162614	13221082	39.8107899	40.433445	10.64950229
10	13221082	13319355	40.433445	41.0561814	6.336800545
10	13319355	13332896	41.0561814	41.2336154	13.10346356
10	13332896	13412656	41.2336154	41.8697443	7.975537864
10	13412656	13460285	41.8697443	42.340894	9.892076256
10	13460285	13659010	42.340894	44.7314349	12.02939187
10	13659010	13907615	44.7314349	48.424353	14.85456085
10	13907615	13932032	48.424353	49.1282358	28.82757095
10	13932032	13971154	49.1282358	49.9488886	20.97675988
10	13971154	14100365	49.9488886	50.9379124	7.654331288
10	14100365	14163259	50.9379124	51.2015253	4.191383916
10	14163259	14222018	51.2015253	51.769429	9.664965367
10	14222018	14263633	51.769429	52.4976475	17.49894269
10	14263633	14663348	52.4976475	55.0579516	6.405324043
10	14663348	14705026	55.0579516	55.0579517	2.39935E-06
10	14705026	14726770	55.0579517	55.0579518	4.59897E-06
10	14726770	14739590	55.0579518	55.2354211	13.84315913
10	14739590	14808399	55.2354211	55.2354212	1.4533E-06
10	14808399	14839240	55.2354212	55.2354213	3.24244E-06
10	14839240	14892048	55.2354213	55.4128907	3.360653689
10	14892048	14903255	55.4128907	55.4128908	8.92299E-06
10	14903255	15051960	55.4128908	55.5903601	1.193431963
10	15051960	15066126	55.5903601	55.5903602	7.05916E-06
10	15066126	15164867	55.5903602	55.7678284	1.797310135
10	15164867	15189086	55.7678284	55.7678285	4.12899E-06
10	15189086	15199226	55.7678285	55.7678286	9.86193E-06
10	15199226	15295100	55.7678286	55.7678287	1.04304E-06
10	15295100	15321346	55.7678287	55.7678288	3.8101E-06
11	730024	1023695	0	0.0000001	3.40517E-07
11	1023695	1049266	0.0000001	0.0000002	3.91068E-06
11	1049266	1571149	0.0000002	0.0000003	1.91614E-07
11	1571149	1935773	0.0000003	0.0000004	2.74255E-07
11	1935773	2299155	0.0000004	1.2491054	3.437443242
11	2299155	2307144	1.2491054	1.2491055	1.25172E-05
11	2307144	2341526	1.2491055	1.4265163	5.159990693
11	2341526	2881248	1.4265163	2.6082297	2.189485328
11	2881248	2976942	2.6082297	3.3210276	7.448720923
11	2976942	3138421	3.3210276	3.9201774	3.710388348
11	3138421	3295758	3.9201774	3.9201775	6.35578E-07
11	3295758	3473014	3.9201775	5.2957658	7.760461141
11	3473014	3609775	5.2957658	5.8821332	4.287533727
11	3609775	3888048	5.8821332	6.237373	1.27658738
11	3888048	3931470	6.237373	6.2373731	2.30298E-06
11	3931470	4036086	6.2373731	6.2373732	9.55877E-07
11	4036086	4134734	6.2373732	6.6118567	3.796159071
11	4134734	4239236	6.6118567	6.7988795	1.789657614
11	4239236	4397994	6.7988795	6.9857847	1.177296262
11	4397994	5644755	6.9857847	9.6448421	2.13277236
11	5644755	6100749	9.6448421	9.6448422	2.19301E-07
11	6100749	6239999	9.6448422	9.6448423	7.18133E-07
11	6239999	6713508	9.6448423	10.1781944	1.126382181
11	6713508	6772628	10.1781944	10.1781945	1.69147E-06
11	6772628	6917728	10.1781945	10.1781946	6.8918E-07
11	6917728	7113178	10.1781946	10.6523341	2.425886416
11	7113178	7147436	10.6523341	10.8888168	6.902992002
11	7147436	7285737	10.8888168	10.8888169	7.23061E-07
11	7285737	7385764	10.8888169	11.1543001	2.654115389
11	7385764	7988692	11.1543001	11.9561673	1.329955152
11	7988692	8041558	11.9561673	11.9561674	1.89157E-06
11	8041558	8308915	11.9561674	12.1336186	0.663723785
11	8308915	8537310	12.1336186	12.4888519	1.55534622
11	8537310	8556321	12.4888519	12.488852	5.26011E-06
11	8556321	9611496	12.488852	13.4730171	0.932703201
11	9611496	9836343	13.4730171	13.7826528	1.377095091
11	9836343	10107335	13.7826528	14.6252152	3.109178131
11	10107335	10124123	14.6252152	14.6252153	5.95664E-06
11	10124123	10140558	14.6252153	14.6252154	6.08458E-06
11	10140558	10763738	14.6252154	16.053916	2.292597002
11	10763738	11036531	16.053916	16.5871526	1.954729777
11	11036531	11468450	16.5871526	17.2988343	1.64772029
11	11468450	11485932	17.2988343	17.2988344	5.72017E-06
11	11485932	11508093	17.2988344	17.4762914	8.00762601
11	11508093	11587172	17.4762914	17.6537527	2.244101468
11	11587172	11635078	17.6537527	17.6537528	2.08742E-06
11	11635078	11653699	17.6537528	17.6537529	5.37028E-06
11	11653699	11862682	17.6537529	18.1509591	2.379170555
11	11862682	12019103	18.1509591	18.8988924	4.781540202
11	12019103	12060159	18.8988924	19.0762901	4.320871493
11	12060159	12105226	19.0762901	19.0762939	8.43189E-05
11	12105226	12747473	19.0762939	19.6096115	0.830393291
11	12747473	12752496	19.6096115	19.6096116	1.99084E-05
11	12752496	12893386	19.6096116	20.5000363	6.31999929
11	12893386	12915002	20.5000363	20.5000364	4.6262E-06
11	12915002	12956224	20.5000364	20.5000365	2.42589E-06
11	12956224	12961943	20.5000365	20.5000366	1.74856E-05
11	12961943	13027099	20.5000366	20.8813326	5.852047394
11	13027099	13052637	20.8813326	21.0741382	7.549753309
11	13052637	13200910	21.0741382	23.0738223	13.48650193
11	13200910	13542840	23.0738223	24.293361	3.566632644
11	13542840	13620229	24.293361	24.2933611	1.29217E-06
11	13620229	14075733	24.2933611	27.6945992	7.466977458
11	14075733	14269495	27.6945992	29.9507923	11.64414643
11	14269495	14402011	29.9507923	31.9265078	14.90926001
11	14402011	14754400	31.9265078	35.5303711	10.22694607
11	14754400	14762231	35.5303711	35.7466309	27.61586004
11	14762231	15063043	35.7466309	37.8767211	7.081134396
11	15957856	16179760	50.3730728	50.3730729	4.50645E-07
11	16179760	16325756	50.3730729	50.5535396	1.236107154
11	16325756	16336233	50.5535396	50.5535397	9.54472E-06
12	314430	363317	0	0.0000001	2.04553E-06
12	363317	458272	0.0000001	0.7116131	7.494213048
12	458272	552535	0.7116131	1.5125222	8.496537348
12	552535	628267	1.5125222	2.3134045	10.57521655
12	628267	901981	2.3134045	4.9449201	9.614106695
12	1360160	1450435	19.9188108	20.096242	1.965452229
12	1450435	1483771	20.096242	20.0962421	2.99976E-06
12	1483771	1516649	20.0962421	20.0962422	3.04155E-06
12	1516649	1806760	20.0962422	20.6294844	1.838062673
12	1806760	1988542	20.6294844	21.1626323	2.932897097
12	16333189	16229805	24.224482	24.2244821	9.67268E-07
12	16229805	15691391	24.2244821	24.9361449	1.32177618
12	15691391	15685420	24.9361449	25.1135628	29.71326411
12	15685420	15535145	25.1135628	25.4687825	2.363797704
12	15535145	15436925	25.4687825	25.4687826	1.01812E-06
12	15436925	15426870	25.4687826	25.6462239	17.64707111
12	15426870	15138268	25.6462239	26.0904504	1.539235695
12	15138268	15113205	26.0904504	26.5346701	17.72412321
12	15113205	15009532	26.5346701	27.0679819	5.144172543
12	15009532	14966604	27.0679819	27.067982	2.32948E-06
12	14966604	14913393	27.067982	27.3126263	4.597626431
12	14913393	14599549	27.3126263	28.3531988	3.315572386
12	14599549	14257510	28.3531988	29.0263738	1.968123518
12	14257510	14236933	29.0263738	29.0263739	4.85979E-06
12	14236933	14229574	29.0263739	29.026374	1.35888E-05
12	14229574	13921048	29.026374	30.0453223	3.30263349
12	13921048	13330045	30.0453223	30.4510138	0.686445754
12	13330045	13147457	30.4510138	30.4510139	5.47681E-07
12	13147457	13024765	30.4510139	30.451014	8.15049E-07
12	13024765	12645770	30.451014	31.162842	1.878198921
12	12645770	12317052	31.162842	31.340256	0.539714892
12	12317052	12166583	31.340256	31.9498809	4.051498315
12	12166583	11598732	31.9498809	32.7638962	1.43350157
12	11598732	11455843	32.7638962	33.2972276	3.732487455
12	11455843	11027624	33.2972276	33.7669874	1.097008306
12	11027624	10883799	33.7669874	34.0282443	1.81649157
12	10883799	10874874	34.0282443	34.0282444	1.12045E-05
12	10874874	8584077	34.0282444	38.1740681	1.809773498
12	8584077	8556056	38.1740681	38.3586273	6.586460155
12	8556056	8404375	38.3586273	38.8919497	3.51607914
12	8404375	8183566	38.8919497	39.9615976	4.844222382
12	8183566	7540419	39.9615976	41.2109411	1.942547349
12	7540419	7417596	41.2109411	41.4041727	1.573252567
12	7417596	7248954	41.4041727	41.6183651	1.270101161
12	7248954	6733113	41.6183651	43.3550684	3.366741496
12	6733113	6715763	43.3550684	43.3550685	5.76369E-06
12	6715763	6709915	43.3550685	43.3550686	1.70999E-05
12	6709915	6647623	43.3550686	43.3550687	1.60534E-06
12	6647623	6606591	43.3550687	43.5325347	4.325063365
12	6606591	6536695	43.5325347	43.7100018	2.539016539
12	6536695	6442815	43.7100018	43.7100019	1.06519E-06
12	6442815	6399962	43.7100019	43.8874702	4.141327328
12	6399962	6277812	43.8874702	44.0649396	1.452880884
12	6277812	6270936	44.0649396	44.0649397	1.45433E-05
12	6270936	6213793	44.0649397	44.0649398	1.75E-06
12	6213793	6139484	44.0649398	44.0649399	1.34573E-06
12	6139484	5827202	44.0649399	44.4779631	1.322596884
12	5827202	5706811	44.4779631	45.3336889	7.107888463
12	5706811	4840910	45.3336889	50.8375459	6.356219706
12	4840910	4555267	50.8375459	52.066717	4.303172492
12	4555267	4422793	52.066717	52.2441466	1.339354137
12	4422793	4367221	52.2441466	52.4216049	3.193304182
12	4367221	4135422	52.4216049	53.0865613	2.868676741
12	4135422	3288871	53.0865613	53.3260664	0.28291869
12	3288871	18047831	53.3260664	55.8296647	0.970508816
12	18047831	18106261	55.8296647	55.8296648	1.71145E-06
13	424981	524297	0	0.0000001	1.00689E-06
13	524297	872791	0.0000001	0.1774726	0.50925554
13	872791	896877	0.1774726	0.1774727	4.15179E-06
13	896877	1003457	0.1774727	0.1774728	9.38262E-07
13	1003457	1004929	0.1774728	0.1774729	6.79348E-05
13	1004929	1040802	0.1774729	0.177473	2.78761E-06
13	1040802	1130728	0.177473	0.1774731	1.11203E-06
13	1130728	1447764	0.1774731	0.1774732	3.15422E-07
13	1447764	1713702	0.1774732	0.7109188	2.005902128
13	1713702	1834379	0.7109188	1.2443702	4.420489406
13	1834379	2159509	1.2443702	1.6300682	1.186288561
13	2159509	3047242	1.6300682	4.2400228	2.940022056
13	3047242	4988787	4.2400228	9.5288973	2.724054554
13	4988787	5150686	9.5288973	9.7157858	1.154352405
13	5150686	5159906	9.7157858	9.7157859	1.0846E-05
13	5159906	5594991	9.7157859	10.0122127	0.68130779
13	5594991	5877739	10.0122127	12.4652743	8.675787627
13	5877739	5879075	12.4652743	12.4652744	7.48503E-05
13	5879075	5910668	12.4652744	12.4652745	3.16526E-06
13	5910668	6159286	12.4652745	13.4148415	3.819381541
13	6159286	6509401	13.4148415	15.3258542	5.458242863
13	6509401	6511670	15.3258542	15.3258543	4.40723E-05
13	6511670	6511858	15.3258543	15.3258544	0.000531915
13	6511858	6744949	15.3258544	15.6811013	1.524069569
13	6744949	6757608	15.6811013	15.6811014	7.89952E-06
13	6757608	6797091	15.6811014	15.8585573	4.494488767
13	6797091	7081461	15.8585573	16.2138121	1.249269614
13	7081461	7340271	16.2138121	16.7717475	2.155772188
13	7340271	7357456	16.7717475	16.7717476	5.81903E-06
13	7357456	10133318	16.7717476	20.1697865	1.224138268
13	10133318	10324827	20.1697865	20.3560646	0.972685879
13	10324827	10333387	20.3560646	20.3560647	1.16822E-05
13	10333387	10400330	20.3560647	20.3560648	1.49381E-06
13	10400330	10598454	20.3560648	20.3560649	5.04734E-07
13	10598454	10886695	20.3560649	20.7578012	1.393751409
13	10886695	11385258	20.7578012	21.1595135	0.805740298
13	11385258	11859545	21.1595135	21.8915735	1.543495816
13	11859545	12037706	21.8915735	21.8915736	5.6129E-07
13	12037706	12350802	21.8915736	22.3115289	1.341298835
13	12350802	12427150	22.3115289	22.844846	6.985344737
13	12427150	12473476	22.844846	22.8448461	2.15862E-06
13	12473476	14187972	22.8448461	24.2736509	0.83336724
13	14187972	14218142	24.2736509	24.273651	3.31455E-06
13	14218142	14279430	24.273651	24.2736511	1.63164E-06
13	14279430	14566394	24.2736511	24.8473795	1.999304442
13	14566394	15259813	24.8473795	26.776922	2.782650173
13	15259813	15312893	26.776922	26.7769221	1.88395E-06
13	15312893	15378570	26.7769221	26.7769222	1.5226E-06
13	15378570	15571272	26.7769222	27.1321421	1.843363847
13	15571272	15794516	27.1321421	27.8439088	3.188290391
13	15794516	16112933	27.8439088	29.2334807	4.364000352
13	16112933	16278770	29.2334807	29.6277063	2.377187238
13	16278770	16285147	29.6277063	29.6277064	1.56814E-05
13	16285147	16299065	29.6277064	29.6277065	7.18494E-06
13	16299065	16655026	29.6277065	30.6420862	2.849693365
13	16655026	16871488	30.6420862	31.0960641	2.097263723
13	16871488	16932624	31.0960641	31.4892813	6.431843758
13	16932624	17013719	31.4892813	32.4763038	12.17118811
13	17013719	17124757	32.4763038	33.4862621	9.095609611
13	17124757	17287015	33.4862621	36.5449186	18.85057439
13	17287015	17478984	36.5449186	38.0590185	7.887210435
13	17478984	17641463	38.0590185	38.9288637	5.353585386
13	17641463	17681320	38.9288637	39.1951452	6.680921795
13	17681320	17690411	39.1951452	39.1951453	1.09999E-05
13	17690411	17693501	39.1951453	39.4614388	86.17912621
13	17693501	17696174	39.4614388	39.4614389	3.74111E-05
13	17696174	17771355	39.4614389	39.6388839	2.360237294
13	17771355	17901112	39.6388839	40.2156806	4.44520681
13	17901112	18178289	40.2156806	41.9828351	6.375545229
13	18178289	18430512	41.9828351	44.9246366	11.66349421
13	18430512	19182382	44.9246366	54.4008084	18.22803442
13	19182382	19088462	54.4008084	54.4008085	1.06474E-06
13	19088462	19085912	54.4008085	54.7560018	139.2914902
13	19085912	19060787	54.7560018	54.7560019	3.9801E-06
13	19060787	18926665	54.7560019	56.5443479	13.33372601
13	18926665	18688122	56.5443479	58.8760402	9.774725312
13	18688122	18599362	58.8760402	58.8760403	1.12663E-06
13	18599362	18503873	58.8760403	58.8760404	1.04724E-06
13	18503873	19677324	58.8760404	63.2313949	89.92163725
13	19677324	19683498	63.2313949	63.231395	1.6197E-05
13	19683498	19691515	63.231395	63.2313951	1.24735E-05
13	19691515	19791053	63.2313951	63.2313952	1.00464E-06
13	19791053	19793352	63.2313952	63.2313953	4.34972E-05
13	19793352	19840081	63.2313953	63.4088532	3.797596781
13	19840081	19882876	63.4088532	63.4088533	2.33672E-06
14	690633	894868	0	0.955731	4.679565207
14	894868	1046927	0.955731	2.4964825	10.13258998
14	1046927	1076431	2.4964825	2.4964826	3.38937E-06
14	1076431	1195049	2.4964826	3.5909601	9.226909069
14	1195049	1514160	3.5909601	6.6707351	9.651108862
14	1514160	1554829	6.6707351	8.2063342	37.75846714
14	1554829	1790313	8.2063342	10.3950731	9.294639551
14	1790313	1825648	10.3950731	10.3950732	2.83006E-06
14	1825648	1931915	10.3950732	11.4668149	10.08536705
14	1931915	1962086	11.4668149	12.5182746	34.8500116
14	1962086	2032619	12.5182746	13.7848387	17.9570428
14	2032619	2033100	13.7848387	13.7848388	0.0002079
14	2033100	2181048	13.7848388	14.5381834	5.091955282
14	2181048	2375841	14.5381834	16.9806586	12.53882429
14	2375841	2456419	16.9806586	17.3578151	4.680638636
14	2456419	2460565	17.3578151	17.5461286	45.42052581
14	2460565	2574766	17.5461286	19.2765766	15.1526519
14	2574766	2636605	19.2765766	20.1543571	14.1946102
14	2636605	2696056	20.1543571	20.7605539	10.1965787
14	2696056	2715703	20.7605539	20.760554	5.08984E-06
14	2715703	2955884	20.760554	22.9146222	8.968520408
14	2955884	2967906	22.9146222	22.9146223	8.31808E-06
14	2967906	2985380	22.9146223	23.128811	12.25756553
14	2985380	3189866	23.128811	23.9457348	3.995010905
14	3189866	3292800	23.9457348	24.1598513	2.080133872
14	3292800	3447685	24.1598513	25.7703968	10.39833102
14	3447685	3642991	25.7703968	26.8406255	5.47975331
14	3642991	3852648	26.8406255	27.9108447	5.10461945
14	3852648	4005398	27.9108447	27.9108448	6.54664E-07
14	4005398	4089258	27.9108448	28.3371889	5.083998331
14	4089258	4160647	28.3371889	28.9778664	8.974456849
14	4160647	4169338	28.9778664	28.9778665	1.15062E-05
14	4169338	4232227	28.9778665	28.9778666	1.5901E-06
14	4232227	4259895	28.9778666	29.4751528	17.97333382
14	4259895	4432569	29.4751528	30.2233561	4.333039716
14	4432569	4614929	30.2233561	30.7567899	2.925168897
14	4614929	5190308	30.7567899	31.4996918	1.291152267
14	5190308	5474145	31.4996918	31.7050617	0.723548727
14	5474145	5909051	31.7050617	33.3446988	3.770095377
14	5909051	6849438	33.3446988	34.4497116	1.175061756
14	6849438	7142093	34.4497116	35.0388829	2.013194034
14	7142093	7392271	35.0388829	36.1091319	4.2779501
14	7392271	8766527	36.1091319	37.03148	0.671161778
14	8766527	8859737	37.03148	37.3041215	2.925024139
14	8859737	8945810	37.3041215	37.5767977	3.167964402
14	8945810	9141719	37.5767977	37.8067858	1.173953723
14	9141719	9287166	37.8067858	38.1350746	2.257102587
14	9287166	9483957	38.1350746	38.4633538	1.668161654
14	9483957	9495617	38.4633538	38.4633539	8.57633E-06
14	9495617	9735748	38.4633539	38.463354	4.16439E-07
14	9735748	10022194	38.463354	39.6088112	3.998859122
14	10022194	10066890	39.6088112	39.7983879	4.241469035
14	10066890	10406863	39.7983879	40.5599712	2.240128775
14	10406863	10493800	40.5599712	40.5599713	1.15026E-06
14	10493800	10784421	40.5599713	41.272104	2.450382801
14	10784421	10830981	41.272104	41.4495621	3.811385309
14	10830981	10950686	41.4495621	41.4495622	8.35387E-07
14	10950686	10967118	41.4495622	41.804886	21.62389241
14	10967118	11037320	41.804886	41.9823588	2.52803054
14	11037320	11099650	41.9823588	42.1598405	2.84745227
14	11099650	11108353	42.1598405	42.1598406	1.14903E-05
14	11108353	11345666	42.1598406	43.0509269	3.754898805
14	11345666	11436263	43.0509269	43.4505934	4.411476097
14	11436263	11656441	43.4505934	43.8502627	1.815209966
14	11656441	12562063	43.8502627	44.6521103	0.885410911
14	12562063	12618267	44.6521103	44.6521104	1.77923E-06
14	12618267	14512749	44.6521104	44.8295918	0.147977498
14	14512749	14500149	44.8295918	44.8295919	7.93651E-06
14	14500149	14487258	44.8295919	44.829592	7.75735E-06
14	14487258	14360387	44.829592	44.8295921	7.88202E-07
14	14360387	14345924	44.8295921	44.8295957	0.000248911
14	14345924	14214121	44.8295957	45.0070446	1.346319128
14	14214121	14018215	45.0070446	45.7191756	3.635064776
14	14018215	13883110	45.7191756	45.8966124	1.313325192
14	13883110	13299468	45.8966124	46.4301571	0.914164334
14	13299468	13277692	46.4301571	46.4301572	4.59221E-06
14	13277692	13272238	46.4301572	46.4301573	1.83352E-05
14	13272238	13235326	46.4301573	46.4301574	2.70915E-06
15	172959	197527	0	0.0000001	4.07034E-06
15	197527	321920	0.0000001	0.0000002	8.03904E-07
15	321920	370701	0.0000002	9.033375	185.182239
15	370701	435040	9.033375	9.0333751	1.55427E-06
15	435040	807428	9.0333751	9.2617046	0.613149457
15	807428	1194238	9.2617046	10.4519983	3.077205088
15	1194238	1261503	10.4519983	11.0260777	8.534593028
15	1261503	1997577	11.0260777	17.5276252	8.832736247
15	1997577	2066065	17.5276252	17.7238387	2.864932543
15	2066065	2216030	17.7238387	20.1053286	15.88030474
15	2216030	2377305	20.1053286	21.5112831	8.717746086
15	2377305	2385169	21.5112831	21.5112832	1.27162E-05
15	2385169	2413785	21.5112832	22.0447373	18.64181227
15	2413785	2471773	22.0447373	22.3999936	6.126376147
15	2471773	2507045	22.3999936	23.2013212	22.71851894
15	2507045	2566368	23.2013212	24.0025846	13.50679163
15	2566368	2731642	24.0025846	25.5533401	9.38293682
15	2731642	2883250	25.5533401	26.2269892	4.443361168
15	2883250	3034216	26.2269892	26.9916235	5.064943762
15	3034216	3269921	26.9916235	28.1415907	4.878840924
15	3269921	3345264	28.1415907	28.8360974	9.217932655
15	3345264	4138554	28.8360974	32.6452863	4.801760895
15	4138554	4167330	32.6452863	33.0157055	12.87250487
15	4167330	4191026	33.0157055	33.4099675	16.63833558
15	4191026	4615624	33.4099675	34.7998558	3.273421684
15	4615624	4642352	34.7998558	34.7998559	3.74139E-06
15	4642352	5400351	34.7998559	36.5900578	2.361747047
15	5400351	5777317	36.5900578	38.0191415	3.79101484
15	5777317	5858890	38.0191415	38.0191416	1.2259E-06
15	5858890	6213472	38.0191416	38.5524796	1.504131625
15	6213472	6639481	38.5524796	39.9018318	3.16742651
15	6639481	8737531	39.9018318	43.3372888	1.637452396
15	8737531	9046374	43.3372888	44.3049609	3.133216877
15	9046374	9174099	44.3049609	44.304961	7.82932E-07
15	9174099	9515070	44.304961	44.6601899	1.04181558
15	9515070	9831731	44.6601899	45.0154233	1.121809759
15	9831731	9839017	45.0154233	45.0154234	1.3725E-05
15	9839017	10310105	45.0154234	46.0850974	2.270645824
15	10310105	10408785	46.0850974	46.2625049	1.79780604
15	10408785	10765712	46.2625049	46.6177472	0.995279987
15	10765712	10803170	46.6177472	46.6177473	2.66966E-06
15	10803170	10861637	46.6177473	46.6177474	1.71037E-06
15	10861637	10923140	46.6177474	46.6177475	1.62594E-06
15	10923140	10931684	46.6177475	46.6177476	1.17041E-05
15	10931684	10990096	46.6177476	46.6177477	1.71198E-06
15	10990096	11044233	46.6177477	46.6177514	6.83451E-05
15	11044233	11164365	46.6177514	46.7952058	1.477161789
15	11164365	11238624	46.7952058	46.9726629	2.389704952
15	11238624	11491014	46.9726629	47.1501199	0.703106304
15	11491014	11492839	47.1501199	47.15012	5.47945E-05
15	11492839	11588348	47.15012	47.7434357	6.212144405
15	11588348	11673180	47.7434357	48.0387823	3.481547058
15	11673180	11777081	48.0387823	48.2162234	1.707790108
15	11777081	11832899	48.2162234	48.5714477	6.363973987
15	11832899	11923193	48.5714477	48.9266496	3.933837243
15	11923193	11967636	48.9266496	48.9266497	2.25007E-06
15	11967636	12156666	48.9266497	49.459951	2.821252182
15	12156666	12187214	49.459951	49.4599511	3.27354E-06
15	12187214	12524163	49.4599511	49.8151588	1.054188319
15	12524163	13111994	49.8151588	49.8151589	1.70117E-07
15	13111994	13137045	49.8151589	49.815159	3.99186E-06
15	13137045	13153669	49.815159	49.8151591	6.0154E-06
15	13153669	13676980	49.8151591	50.170361	0.678758711
15	13676980	14464891	50.170361	50.8820698	0.903285777
15	14464891	15587730	50.8820698	50.8820699	8.906E-08
16	657957	736955	0	0.0000001	1.26585E-06
16	736955	2585761	0.0000001	3.5629928	1.927185816
16	2585761	2898523	3.5629928	5.2771982	5.480862125
16	2898523	3058433	5.2771982	5.8272612	3.439828654
16	3058433	3328921	5.8272612	7.1879109	5.030351439
16	3328921	4084489	7.1879109	9.3382422	2.845979846
16	4084489	4197958	9.3382422	9.515569	1.562777499
16	4197958	5144896	9.515569	10.518537	1.059169661
16	5144896	5275810	10.518537	11.1184718	4.582663428
16	5275810	5471163	11.1184718	11.1184719	5.11894E-07
16	5471163	5524382	11.1184719	11.4737143	6.675104756
16	5524382	5534987	11.4737143	11.4737144	9.42951E-06
16	5534987	6047924	11.4737144	11.6511725	0.345964709
16	6047924	6246695	11.6511725	12.006424	1.78724009
16	6246695	6372463	12.006424	12.3616755	2.824657306
16	6372463	6418085	12.3616755	12.5390798	3.888569111
16	6418085	7674627	12.5390798	14.8506896	1.839659796
16	7674627	8157008	14.8506896	15.7627925	1.890835045
16	8157008	8795563	15.7627925	15.7627926	1.56604E-07
16	8795563	9048409	15.7627926	16.5537898	3.128375375
16	9048409	9482188	16.5537898	17.5437871	2.282261935
16	9482188	9558468	17.5437871	17.5437872	1.31096E-06
16	9558468	9562093	17.5437872	17.5437873	2.75862E-05
16	9562093	9820236	17.5437873	17.8990025	1.376040412
16	9820236	10052533	17.8990025	17.8990026	4.30483E-07
16	10052533	10082296	17.8990026	17.8990027	3.35988E-06
16	10082296	10121427	17.8990027	17.8990028	2.55552E-06
16	10121427	10206983	17.8990028	17.8990029	1.16883E-06
16	10206983	10250393	17.8990029	18.2542048	8.18249021
16	10250393	10375459	18.2542048	18.9659366	5.690849631
16	10375459	10496182	18.9659366	19.2322111	2.205665035
16	10496182	10611556	19.2322111	19.2322112	8.66746E-07
16	10611556	10646414	19.2322112	19.4985099	7.639528946
16	10646414	10803827	19.4985099	19.675959	1.127283642
16	10803827	10834839	19.675959	19.6759591	3.22456E-06
16	10834839	10937546	19.6759591	19.6759592	9.73643E-07
16	10937546	10980153	19.6759592	19.6759593	2.34703E-06
16	10980153	10993699	19.6759593	19.6759594	7.38225E-06
16	10993699	11409755	19.6759594	21.2404601	3.760312794
16	11409755	11534876	21.2404601	21.4613081	1.765075407
16	11534876	11705095	21.4613081	21.4613082	5.87478E-07
16	11705095	11963875	21.4613082	21.8165298	1.37267795
16	11963875	12233028	21.8165298	22.1717496	1.319769053
16	12233028	12239415	22.1717496	22.1717497	1.56568E-05
16	12239415	12765260	22.1717497	22.3492056	0.337468075
16	12765260	12923883	22.3492056	22.5266512	1.118662489
16	12923883	13024461	22.5266512	22.9089771	3.801287558
16	13024461	13144018	22.9089771	23.7521363	7.052361635
16	13144018	13155107	23.7521363	23.7521364	9.01795E-06
16	13155107	13590766	23.7521364	25.0209029	2.912292642
16	13590766	13628334	25.0209029	25.020903	2.66184E-06
16	13628334	13857422	25.020903	25.3761114	1.550532546
16	13857422	13883425	25.3761114	25.3761115	3.84571E-06
16	13883425	14031175	25.3761115	25.3761116	6.76819E-07
16	14031175	14177977	25.3761116	26.3084989	6.351325595
16	14177977	14299970	26.3084989	26.7043512	3.244877165
16	14299970	14874605	26.7043512	29.3043097	4.524539055
16	14874605	14946113	29.3043097	29.4934305	2.644750238
16	14946113	14998142	29.4934305	29.4934306	1.92201E-06
16	14998142	15668315	29.4934306	33.112617	5.400376321
16	15668315	16027971	33.112617	36.5131172	9.454868541
16	16027971	16051738	36.5131172	36.7364796	9.398005638
16	16051738	16094081	36.7364796	37.4118548	15.95010273
16	16094081	16143392	37.4118548	37.6471295	4.771241711
16	16143392	17801606	37.6471295	40.1117932	7.23755851
16	17801606	17786436	40.1117932	40.4668396	23.4045089
16	17786436	17698891	40.4668396	41.2290507	8.706506368
16	17698891	17690174	41.2290507	41.4242737	22.39566365
16	17690174	17535792	41.4242737	43.1364595	11.09057921
16	17535792	17465414	43.1364595	44.4762179	19.03660803
16	17465414	17262487	44.4762179	47.9816283	17.27424345
16	17262487	17209573	47.9816283	48.3720375	7.378183468
16	17209573	16958532	48.3720375	48.7654186	1.566999414
16	16958532	16902827	48.7654186	51.7686776	53.91363432
16	16902827	16757257	51.7686776	51.7686777	6.86955E-07
16	16757257	16672260	51.7686777	51.9460563	2.086880713
16	16672260	16289361	51.9460563	53.5542579	4.200067381
16	16289361	16259422	53.5542579	53.554258	3.34012E-06
16	16259422	16244071	53.554258	53.7316458	11.55545567
16	16244071	26660083	53.7316458	55.1599579	11.92446235
17	77432	259870	0	0.0000001	5.48131E-07
17	259870	268689	0.0000001	0.0000002	1.13392E-05
17	268689	386764	0.0000002	0.0000003	8.46919E-07
17	386764	488454	0.0000003	0.1982227	1.949281149
17	488454	629241	0.1982227	0.1982228	7.10293E-07
17	629241	1063427	0.1982228	2.6480906	5.642438494
17	1063427	1293411	2.6480906	4.487932	7.999866947
17	1293411	1311733	4.487932	4.4879321	5.45792E-06
17	1311733	1355312	4.4879321	4.8432767	8.154032906
17	1355312	1373207	4.8432767	5.3176371	26.50798547
17	1373207	1378274	5.3176371	5.3176372	1.97355E-05
17	1378274	1407279	5.3176372	5.5541508	8.154235477
17	1407279	1433669	5.5541508	5.7316351	6.725437666
17	1433669	1433696	5.7316351	5.7316352	0.003703704
17	1433696	1444497	5.7316352	5.7316353	9.2584E-06
17	1444497	1486126	5.7316353	5.7316354	2.40217E-06
17	1486126	1494262	5.7316354	5.9091135	21.81392576
17	1494262	1670571	5.9091135	6.2718995	2.057671475
17	1670571	1671074	6.2718995	6.2718996	0.000198807
17	1671074	1756849	6.2718996	6.4530566	2.112002332
17	1756849	1791933	6.4530566	7.2038193	21.39900524
17	1791933	1879406	7.2038193	7.9020965	7.982774113
17	1879406	1910201	7.9020965	8.1537663	8.172424095
17	1910201	2292374	8.1537663	14.3081746	16.10372344
17	2292374	2697224	14.3081746	19.210276	12.10843868
17	2697224	3074150	19.210276	23.4432779	11.23032611
17	3074150	3475326	23.4432779	24.4502778	2.510119997
17	3475326	3584416	24.4502778	25.2545488	7.372545605
17	3584416	3844362	25.2545488	27.6974906	9.397881868
17	3844362	4150999	27.6974906	29.4707957	5.78307608
17	4150999	4269590	29.4707957	30.0965316	5.276419796
17	4269590	4430135	30.0965316	30.0965317	6.22878E-07
17	4430135	4449867	30.0965317	30.0965318	5.06791E-06
17	4449867	4483173	30.0965318	30.0965319	3.00246E-06
17	4483173	4488703	30.0965319	30.096532	1.80832E-05
17	4488703	4590534	30.096532	30.0965321	9.82019E-07
17	4590534	4686936	30.0965321	30.2739959	1.840872596
17	4686936	4849938	30.2739959	30.629288	2.17967939
17	4849938	4859750	30.629288	30.6292881	1.01916E-05
17	4859750	4962456	30.6292881	30.9845488	3.45900629
17	4962456	5351891	30.9845488	31.6964875	1.828132294
17	5351891	5463559	31.6964875	32.2299041	4.776808038
17	5463559	5832675	32.2299041	32.9418862	1.928884416
17	5832675	6030295	32.9418862	33.1634507	1.121164356
17	7926752	8287823	35.5747367	35.7873311	0.588788355
17	8287823	8682947	35.7873311	36.8572766	2.707872718
17	8682947	9214628	36.8572766	37.5157171	1.238412695
17	9214628	9278388	37.5157171	37.7978006	4.424145232
17	9278388	9590293	37.7978006	38.4866788	2.208615444
17	9590293	10329937	38.4866788	41.9704829	4.710109323
17	10329937	10399777	41.9704829	42.8207579	12.1746134
17	10399777	10992299	42.8207579	46.180569	5.670356712
17	10992299	11001067	46.180569	46.4352684	29.04874544
17	11001067	11033395	46.4352684	47.2849025	26.28167842
17	11033395	11043444	47.2849025	47.4623333	17.65656284
17	11043444	11044848	47.4623333	47.6649409	144.3074074
17	11044848	11054170	47.6649409	47.9076151	26.03241794
17	11054170	11135602	47.9076151	48.886381	12.01942602
17	11135602	11153355	48.886381	49.0637818	9.992722357
17	11153355	11259410	49.0637818	49.7757499	6.713196926
17	11259410	11261415	49.7757499	49.77575	4.98753E-05
17	11261415	11644279	49.77575	52.4769349	7.055207332
17	11644279	11652732	52.4769349	52.476935	1.18301E-05
17	11652732	11735949	52.476935	53.5470908	12.85982191
17	11735949	11948309	53.5470908	54.527677	4.617565455
17	11948309	12085191	54.527677	55.5083388	7.164286027
17	12085191	12106391	55.5083388	56.0418303	25.1646934
17	12106391	12120001	56.0418303	56.2192706	13.03749449
17	12120001	12154617	56.2192706	56.7527732	15.41202334
17	12154617	12169044	56.7527732	57.1080658	24.62692174
17	12169044	12171652	57.1080658	57.1080659	3.83436E-05
17	12171652	12181674	57.1080659	57.108066	9.97805E-06
17	12181674	12777596	57.108066	64.2743876	12.02560335
17	12777596	12781771	64.2743876	64.5023243	54.59561677
17	12781771	13039989	64.5023243	64.7697832	1.035787203
17	13039989	13214417	64.7697832	65.1077067	1.937323709
17	13214417	13478853	65.1077067	66.9632914	7.01714101
17	13478853	13565488	66.9632914	67.5325613	6.570899752
17	13565488	13663035	67.5325613	67.9116752	3.886474212
17	13663035	13755153	67.9116752	68.0891367	1.926458455
17	13755153	13770682	68.0891367	68.0891368	6.43957E-06
17	13770682	13784132	68.0891368	68.2666083	13.19490706
17	13784132	13792568	68.2666083	68.2666084	1.1854E-05
17	13792568	13939195	68.2666084	68.9341853	4.552892032
17	13939195	14001801	68.9341853	69.1557711	3.539370028
17	14001801	14133095	69.1557711	69.1557712	7.61649E-07
17	14133095	14144226	69.1557712	69.1557713	8.98392E-06
18	1034568	1367538	0	0.3527463	1.059393639
18	1367538	1486757	0.3527463	0.7079412	2.97934809
18	1486757	1748629	0.7079412	1.4699644	2.90990713
18	1748629	1755757	1.4699644	1.4699645	1.40292E-05
18	1755757	2254483	1.4699645	3.3878699	3.845609413
18	2254483	2343146	3.3878699	3.7429604	4.004945693
18	2343146	2532911	3.7429604	4.2761783	2.809885385
18	2532911	2556467	4.2761783	4.2761784	4.2452E-06
18	2556467	2570683	4.2761784	4.2761785	7.03433E-06
18	2570683	2624780	4.2761785	4.8094156	9.85705492
18	2624780	2708901	4.8094156	4.9868469	2.109239072
18	2708901	2832392	4.9868469	5.1642981	1.436956539
18	2832392	2866487	5.1642981	5.1642982	2.93298E-06
18	2866487	3231753	5.1642982	6.9532321	4.897619543
18	3231753	3251024	6.9532321	7.1747253	11.49360179
18	3251024	3401005	7.1747253	7.8421191	4.449855648
18	3401005	4011659	7.8421191	8.1973232	0.581678168
18	4011659	4018016	8.1973232	8.1973233	1.57307E-05
18	4018016	4125283	8.1973233	8.1973234	9.32253E-07
18	4125283	4160343	8.1973234	8.3747848	5.061648602
18	4160343	4212579	8.3747848	8.3747849	1.91439E-06
18	4212579	4254807	8.3747849	8.374785	2.3681E-06
18	4254807	4517887	8.374785	8.3747851	3.80113E-07
18	4517887	5048263	8.3747851	8.3747852	1.88545E-07
18	5048263	5363120	8.3747852	8.3747853	3.17604E-07
18	5363120	5394474	8.3747853	8.3747854	3.18939E-06
18	5394474	5489017	8.3747854	8.3747855	1.05772E-06
18	5489017	5744556	8.3747855	8.3747856	3.9133E-07
18	5744556	6061681	8.3747856	8.5521831	0.559392984
18	6061681	7434203	8.5521831	9.9038711	0.984820644
18	7434203	8132477	9.9038711	10.9187599	1.453424873
18	8132477	8508896	10.9187599	11.5072925	1.563503968
18	8508896	8732457	11.5072925	11.9375612	1.924614311
18	8732457	9235695	11.9375612	12.6491747	1.414069486
18	9235695	9357371	12.6491747	12.6491748	8.21855E-07
18	9357371	9485205	12.6491748	12.8266251	1.388130701
18	9485205	9496395	12.8266251	13.0040772	15.85809651
18	9496395	9513482	13.0040772	13.0040773	5.8524E-06
18	9513482	9819238	13.0040773	13.8589158	2.795819215
18	9819238	9848842	13.8589158	14.07154	7.182279422
18	9848842	9898489	14.07154	14.0715401	2.01422E-06
18	9898489	10229370	14.0715401	15.2692833	3.619860917
18	10229370	10309563	15.2692833	15.7453992	5.937125435
18	10309563	10887402	15.7453992	17.6430651	3.284073764
18	10887402	10902120	17.6430651	17.8304495	12.73164832
18	10902120	11654126	17.8304495	20.8375244	3.998737909
18	11654126	11879542	20.8375244	21.7692199	4.133227011
18	11879542	11940102	21.7692199	21.966167	3.252098745
18	11940102	12115679	21.966167	22.7571283	4.504925474
18	12115679	12267746	22.7571283	23.5481142	5.201561812
18	12267746	12269289	23.5481142	23.5481143	6.48088E-05
18	12269289	12532481	23.5481143	23.9360437	1.473940697
18	12532481	12700424	23.9360437	24.8142679	5.229299227
18	12700424	13194162	24.8142679	25.6462685	1.685105461
18	13194162	13286071	25.6462685	25.867474	2.406788236
18	13286071	13579867	25.867474	27.8831661	6.860856172
18	13579867	13626483	27.8831661	28.0939101	4.52085121
18	13626483	13735912	28.0939101	29.0315548	8.568521142
18	13735912	13906465	29.0315548	31.4099654	13.94528739
18	13906465	13909638	31.4099654	32.0273207	194.5651749
18	13909638	14167776	32.0273207	35.2507219	12.48712394
18	14167776	14249796	35.2507219	35.9013306	7.932317727
18	14249796	14310611	35.9013306	36.6129906	11.70204719
18	14310611	14428852	36.6129906	38.002269	11.7495488
18	14428852	14444076	38.002269	38.3964934	25.89492906
18	14444076	14484418	38.3964934	38.7517248	8.805497992
18	14484418	14498129	38.7517248	38.929117	12.93794763
18	14498129	14610015	38.929117	40.2094876	11.44352823
18	14610015	15068068	40.2094876	45.9797338	12.59733306
18	15068068	15584779	45.9797338	48.9206926	5.691689939
18	15584779	15670982	48.9206926	48.9206927	1.16005E-06
18	15670982	15738343	48.9206927	49.2722031	5.218307329
19	13581	234999	0	1.3235929	5.977801714
19	234999	497356	1.3235929	1.7923402	1.786677314
19	497356	711213	1.7923402	7.7859847	28.02641251
19	711213	814752	7.7859847	10.1230207	22.57155275
19	814752	823786	10.1230207	10.4756461	39.03314147
19	823786	1073471	10.4756461	11.5378961	4.254360494
19	1073471	1164051	11.5378961	11.8982077	3.977827335
19	1164051	1221631	11.8982077	12.2584213	6.255880514
19	1221631	1445874	12.2584213	15.3808749	13.92441949
19	1445874	1758079	15.3808749	22.6049163	23.13877548
19	1758079	2221660	22.6049163	27.6887267	10.96639077
19	2221660	3178508	27.6887267	31.5119538	3.995647271
19	3178508	3529642	31.5119538	31.5119539	2.84792E-07
19	3529642	19492578	31.5119539	31.511954	9.59054E-08
19	19492578	19220977	31.511954	32.0674887	2.045407417
19	19220977	18556651	32.0674887	33.4389086	2.064377881
19	18556651	18083449	33.4389086	35.1764581	3.671898048
19	18083449	16903837	35.1764581	38.6460604	2.941308074
19	16903837	16370690	38.6460604	39.3526334	1.325287397
19	16370690	15950477	39.3526334	39.7053511	0.839378363
19	15950477	15314200	39.7053511	39.7053512	1.57164E-07
19	15314200	15087025	39.7053512	41.0358072	5.856524706
19	15087025	14935679	41.0358072	41.4757768	2.907044785
19	14935679	14754626	41.4757768	41.8284957	1.948152751
19	14754626	14656175	41.8284957	41.8284958	1.01573E-06
19	14656175	13517595	41.8284958	43.1588166	1.16840345
19	13517595	12664331	43.1588166	43.5987952	0.515641818
19	12664331	12414947	43.5987952	43.9514824	1.414233471
19	12414947	11937989	43.9514824	45.0135687	2.226792087
19	11937989	11929922	45.0135687	45.3662602	43.72028015
19	11929922	11211020	45.3662602	45.3662603	1.39101E-07
19	11211020	10046086	45.3662603	46.78491	1.217794055
19	10046086	9691649	46.78491	47.1375637	0.99496864
19	9691649	9611985	47.1375637	47.1375656	2.38502E-05
19	9611985	9574956	47.1375656	47.1375657	2.70059E-06
19	9574956	9567575	47.1375657	47.1375658	1.35483E-05
19	9567575	9506529	47.1375658	47.1375659	1.63811E-06
19	9506529	9494383	47.1375659	47.137566	8.23316E-06
19	9494383	9398569	47.137566	47.1375661	1.04369E-06
19	9398569	9355020	47.1375661	47.1375662	2.29626E-06
19	9355020	9295556	47.1375662	47.1375663	1.68169E-06
19	9295556	9024058	47.1375663	47.1375664	3.68327E-07
19	9024058	8736408	47.1375664	47.1375665	3.47645E-07
19	8736408	8467822	47.1375665	47.4902762	1.313209549
19	8467822	8309444	47.4902762	47.8429948	2.227068153
19	8309444	8302930	47.8429948	47.8429949	1.53516E-05
19	8302930	8272107	47.8429949	47.842995	3.24433E-06
19	8272107	8261473	47.842995	47.8429951	9.4038E-06
19	8261473	8224132	47.8429951	47.8429952	2.67802E-06
19	8224132	7978070	47.8429952	48.3128014	1.909300095
19	7978070	7700031	48.3128014	49.2570103	3.395958481
19	7700031	7685153	49.2570103	49.2570104	6.72133E-06
19	7685153	7560407	49.2570104	49.6097555	2.8277067
19	7560407	7539498	49.6097555	49.6097556	4.78263E-06
19	7539498	6704816	49.6097556	53.2002099	4.301583477
19	6704816	6641673	53.2002099	53.20021	1.58371E-06
19	6641673	6427258	53.20021	54.2620572	4.952299046
19	6427258	6319507	54.2620572	55.4765999	11.27175339
19	6319507	6212604	55.4765999	56.6911406	11.36114702
19	6212604	6185276	56.6911406	57.093694	14.73043765
19	6185276	5997387	57.093694	58.1556138	5.651846569
19	5997387	5982220	58.1556138	58.5081866	23.24604734
19	5982220	5472083	58.5081866	61.0055095	4.895396531
19	5472083	5123438	61.0055095	64.965807	11.3591117
19	5123438	4914120	64.965807	66.0281165	5.075098654
19	4914120	4860705	66.0281165	66.3808612	6.603850978
19	4860705	4833520	66.3808612	66.3808613	3.6785E-06
19	4833520	3850229	66.3808613	66.7286582	0.35370699
20	17875292	17815297	7.2464775	8.5623312	21.93272273
20	17815297	17661581	8.5623312	8.9011697	2.204315101
20	17661581	17656574	8.9011697	9.1662916	52.95024965
20	17656574	17532606	9.1662916	9.6984905	4.293034493
20	17532606	17504306	9.6984905	9.9190191	7.792530035
20	17504306	17500402	9.9190191	9.9190192	2.56148E-05
20	17500402	17380622	9.9190192	10.4640511	4.55027467
20	17380622	17370409	10.4640511	10.4640512	9.79144E-06
20	17370409	17366807	10.4640512	10.4640513	2.77624E-05
20	17366807	17317266	10.4640513	11.3743539	18.37473204
20	17317266	16994269	11.3743539	15.2134512	11.88586055
20	16994269	16849469	15.2134512	17.078783	12.88212569
20	16849469	16827521	17.078783	18.0143245	42.6253645
20	16827521	16801758	18.0143245	18.7548394	28.74334899
20	16801758	16396937	18.7548394	22.5167077	9.292670835
20	16396937	16343243	22.5167077	22.8872999	6.901929452
20	16343243	16210884	22.8872999	23.5992494	5.378927765
20	16210884	16048891	23.5992494	24.6295586	6.360208157
20	16048891	15834606	24.6295586	26.2362679	7.498001727
20	15834606	15767156	26.2362679	26.4559001	3.256222387
20	15767156	15748478	26.4559001	26.6333651	9.501284934
20	15748478	15721376	26.6333651	26.8108333	6.548158807
20	15721376	15650515	26.8108333	26.8108334	1.41121E-06
20	15650515	15590412	26.8108334	27.4050603	9.886809311
20	15590412	15503251	27.4050603	28.5467932	13.09912576
20	15503251	15483787	28.5467932	28.5467933	5.13769E-06
20	15483787	15409896	28.5467933	28.9480935	5.430975356
20	15409896	15343246	28.9480935	29.3033338	5.329936984
20	15343246	15244683	29.3033338	29.8366499	5.410915861
20	15244683	14684345	29.8366499	31.2656138	2.550182033
20	14684345	14590885	31.2656138	31.2656139	1.06998E-06
20	14590885	14535251	31.2656139	31.6208245	6.384775497
20	14535251	14448986	31.6208245	31.7982771	2.057063699
20	14448986	14400490	31.7982771	31.9757398	3.659326542
20	14400490	14354736	31.9757398	31.9757399	2.1856E-06
20	14354736	14302787	31.9757399	31.97574	1.92496E-06
20	14302787	14031834	31.97574	32.1531948	0.654928346
20	14031834	13896295	32.1531948	32.5084552	2.62109356
20	13896295	13874810	32.5084552	32.5084553	4.65441E-06
20	13874810	13824405	32.5084553	32.6859102	3.520581292
20	13824405	13706470	32.6859102	33.0411706	3.012340696
20	13706470	13700829	33.0411706	33.0411707	1.77274E-05
20	13700829	13483084	33.0411707	33.3964266	1.631522653
20	13483084	13474231	33.3964266	33.3964267	1.12956E-05
20	13474231	13439535	33.3964267	33.3964268	2.88218E-06
20	13439535	13409201	33.3964268	33.3964269	3.29663E-06
20	13409201	13133160	33.3964269	34.1082827	2.578804598
20	13133160	13074807	34.1082827	34.1082828	1.71371E-06
20	13074807	12994891	34.1082828	34.1082829	1.25131E-06
20	12994891	12768810	34.1082829	34.108283	4.42319E-07
20	12768810	12299509	34.108283	35.3577343	2.662366583
20	12299509	12102091	35.3577343	35.3577344	5.06539E-07
20	12102091	11946427	35.3577344	35.3577345	6.42409E-07
20	11946427	11895628	35.3577345	35.3577346	1.96854E-06
20	11895628	11622967	35.3577346	35.3577347	3.66756E-07
20	11622967	11464550	35.3577347	35.6240606	1.68116995
20	11464550	11375456	35.6240606	35.8903628	2.989002626
20	11375456	10535125	35.8903628	36.7811424	1.060034201
20	10535125	10517200	36.7811424	36.7811425	5.5788E-06
20	10517200	10320790	36.7811425	36.7811426	5.09139E-07
20	10320790	7871117	36.7811426	38.3494433	0.640208183
20	7871117	7797089	38.3494433	38.8215395	6.377265359
20	7797089	7028583	38.8215395	39.2449333	0.550931027
20	7028583	6918301	39.2449333	39.4562513	1.916160389
20	6918301	6904030	39.4562513	39.4562514	7.00722E-06
20	6904030	6755248	39.4562514	40.6042828	7.716198196
20	6755248	6561596	40.6042828	41.0603025	2.354841158
20	6561596	6554044	41.0603025	41.0603026	1.32415E-05
20	6554044	6190282	41.0603026	41.2550431	0.535351411
20	6190282	5570331	41.2550431	43.028036	2.859891991
20	5570331	5084166	43.028036	44.0980081	2.200841484
20	5084166	5062502	44.0980081	44.3198081	10.23818316
20	5062502	4472547	44.3198081	46.7075001	4.047244281
20	4472547	4242633	46.7075001	48.7628269	8.939546091
20	4242633	3995303	48.7628269	49.6534862	3.601096915
20	3995303	3990643	49.6534862	49.6534863	2.14592E-05
20	3990643	3906425	49.6534863	49.8309513	2.10720986
20	3906425	3689909	49.8309513	50.0291059	0.915196106
20	3689909	3632387	50.0291059	50.6173831	10.22699489
20	3632387	3431312	50.6173831	51.2056816	2.925766505
20	3431312	3348641	51.2056816	51.5264241	3.879746223
20	3348641	3091797	51.5264241	52.8013555	4.963835636
20	3091797	2458901	52.8013555	58.5375367	9.063386718
20	2458901	2379659	58.5375367	58.7291162	2.417650993
20	2379659	2342007	58.7291162	58.7291163	2.6559E-06
20	2342007	2296058	58.7291163	58.7291164	2.17633E-06
20	2296058	2284708	58.7291164	58.7291165	8.81057E-06
20	2284708	2125217	58.7291165	61.5671516	3.858232902
20	2125217	1403117	61.5671516	62.5015014	6.399130208
20	1403117	1287239	62.5015014	62.5015015	8.62977E-07
21	1774067	2142656	0.7108028	0.7108029	2.71305E-07
21	2142656	2306628	0.7108029	0.710803	6.0986E-07
21	2306628	2335277	0.710803	0.7108031	3.49052E-06
21	2335277	2364022	0.7108031	0.7108032	3.47887E-06
21	2364022	2806400	0.7108032	1.1788152	1.05794592
21	2806400	2806469	1.1788152	1.1788153	0.001449275
21	2806469	3764501	1.1788153	1.4503469	0.283426441
21	3764501	4290155	1.4503469	2.1983739	1.423040631
21	4290155	4715951	2.1983739	2.4462691	0.582192411
21	4715951	5126726	2.4462691	2.8440085	0.968265839
21	5126726	5261002	2.8440085	3.3773886	3.972266824
21	5261002	5572876	3.3773886	3.3773887	3.20642E-07
21	5572876	5615092	3.3773887	3.3773888	2.36877E-06
21	5615092	5664761	3.3773888	3.3773889	2.01333E-06
21	5664761	6004031	3.3773889	4.3284288	2.803194801
21	6004031	6012768	4.3284288	4.3284289	1.14456E-05
21	6012768	6445371	4.3284289	4.8015896	1.093752702
21	6445371	6597307	4.8015896	4.8015897	6.58172E-07
21	6597307	6780583	4.8015897	4.9790523	0.968280626
21	6780583	6870973	4.9790523	4.9790524	1.10632E-06
21	6870973	6905996	4.9790524	4.9790525	2.85527E-06
21	6905996	7659406	4.9790525	7.6312509	3.520259089
21	7659406	7774755	7.6312509	8.0323375	3.477157149
21	7774755	7996835	8.0323375	8.3876141	1.599768552
21	7996835	8011752	8.3876141	8.3876142	6.70376E-06
21	8011752	8421410	8.3876142	9.704224	3.213924298
21	8421410	8732210	9.704224	11.9028831	7.074192728
21	8732210	9653769	11.9028831	15.9383727	4.37898127
21	9653769	9659705	15.9383727	17.7641719	307.5807278
21	9659705	9691439	17.7641719	18.0541787	9.138677759
21	9691439	9798804	18.0541787	18.6188371	5.259240907
21	9798804	9876135	18.6188371	19.14157	6.759681111
21	9876135	10063486	19.14157	19.7612686	3.307687709
21	10063486	10112147	19.7612686	20.2479623	10.00172006
21	10112147	10170112	20.2479623	20.2479624	1.72518E-06
21	10170112	10177662	20.2479624	20.2479625	1.3245E-05
21	10177662	10314805	20.2479625	21.7671333	11.07727554
21	10314805	10397524	21.7671333	23.279628	18.28473144
21	10397524	10530723	23.279628	24.8943715	12.12278996
21	10530723	10627212	24.8943715	26.0432779	11.90712309
21	10627212	10669784	26.0432779	26.270962	5.34821244
21	10669784	10867764	26.270962	28.6531391	12.03241287
21	10867764	10879336	28.6531391	28.6531392	8.64155E-06
21	10879336	10889160	28.6531392	28.6531393	1.01792E-05
21	10889160	10951338	28.6531393	28.6531394	1.60829E-06
21	10951338	10957081	28.6531394	28.6531395	1.74125E-05
21	10957081	11016181	28.6531395	29.3194534	11.27434687
21	11016181	11139332	29.3194534	30.4342131	9.051974405
21	11139332	11253349	30.4342131	32.7653359	20.44539674
21	11253349	11391822	32.7653359	34.9153612	15.52667524
21	11391822	11623042	34.9153612	36.5989775	7.281447539
21	11623042	15799172	36.5989775	37.6305324	6.820017322
